Radiated power per atom (W m3) as a function dwell time.
Temperature :      1.0 -  40000.0 eV
Density     : 1.00e+20 m-3
   200     5  # Te values, dwell time

Source data:
acd : /home/adas/adas/adf11/acd85/acd85_ar.dat
scd : /home/adas/adas/adf11/scd85/scd85_ar.dat
plt : /home/adas/adas/adf11/plt89/plt89_ar.dat
prb : /home/adas/adas/adf11/prb89/prb89_ar.dat

Te[eV]
 1.000e+00 1.055e+00 1.112e+00 1.173e+00 1.237e+00 1.305e+00 1.376e+00 1.452e+00
 1.531e+00 1.615e+00 1.703e+00 1.796e+00 1.895e+00 1.998e+00 2.107e+00 2.223e+00
 2.344e+00 2.473e+00 2.608e+00 2.750e+00 2.901e+00 3.059e+00 3.227e+00 3.403e+00
 3.589e+00 3.786e+00 3.993e+00 4.211e+00 4.441e+00 4.684e+00 4.941e+00 5.211e+00
 5.496e+00 5.796e+00 6.113e+00 6.448e+00 6.800e+00 7.172e+00 7.565e+00 7.978e+00
 8.415e+00 8.875e+00 9.360e+00 9.872e+00 1.041e+01 1.098e+01 1.158e+01 1.222e+01
 1.288e+01 1.359e+01 1.433e+01 1.512e+01 1.594e+01 1.681e+01 1.773e+01 1.870e+01
 1.973e+01 2.081e+01 2.194e+01 2.314e+01 2.441e+01 2.574e+01 2.715e+01 2.864e+01
 3.020e+01 3.186e+01 3.360e+01 3.544e+01 3.737e+01 3.942e+01 4.157e+01 4.385e+01
 4.625e+01 4.877e+01 5.144e+01 5.426e+01 5.722e+01 6.035e+01 6.365e+01 6.713e+01
 7.081e+01 7.468e+01 7.876e+01 8.307e+01 8.761e+01 9.241e+01 9.746e+01 1.028e+02
 1.084e+02 1.143e+02 1.206e+02 1.272e+02 1.341e+02 1.415e+02 1.492e+02 1.574e+02
 1.660e+02 1.751e+02 1.846e+02 1.947e+02 2.054e+02 2.166e+02 2.285e+02 2.410e+02
 2.542e+02 2.681e+02 2.827e+02 2.982e+02 3.145e+02 3.317e+02 3.498e+02 3.690e+02
 3.891e+02 4.104e+02 4.329e+02 4.565e+02 4.815e+02 5.078e+02 5.356e+02 5.649e+02
 5.958e+02 6.284e+02 6.628e+02 6.990e+02 7.373e+02 7.776e+02 8.201e+02 8.650e+02
 9.123e+02 9.622e+02 1.015e+03 1.070e+03 1.129e+03 1.191e+03 1.256e+03 1.324e+03
 1.397e+03 1.473e+03 1.554e+03 1.639e+03 1.728e+03 1.823e+03 1.923e+03 2.028e+03
 2.139e+03 2.256e+03 2.379e+03 2.509e+03 2.646e+03 2.791e+03 2.944e+03 3.105e+03
 3.274e+03 3.454e+03 3.642e+03 3.842e+03 4.052e+03 4.273e+03 4.507e+03 4.754e+03
 5.014e+03 5.288e+03 5.577e+03 5.882e+03 6.204e+03 6.543e+03 6.901e+03 7.278e+03
 7.676e+03 8.096e+03 8.539e+03 9.006e+03 9.499e+03 1.002e+04 1.057e+04 1.114e+04
 1.175e+04 1.240e+04 1.307e+04 1.379e+04 1.454e+04 1.534e+04 1.618e+04 1.706e+04
 1.800e+04 1.898e+04 2.002e+04 2.111e+04 2.227e+04 2.349e+04 2.477e+04 2.612e+04
 2.755e+04 2.906e+04 3.065e+04 3.233e+04 3.409e+04 3.596e+04 3.793e+04 4.000e+04
Lz[Wm**3] for tau[ms]=    0.1
 2.054e-37 3.788e-37 6.929e-37 1.247e-36 2.189e-36 3.723e-36 6.128e-36 9.800e-36
 1.529e-35 2.336e-35 3.510e-35 5.196e-35 7.601e-35 1.102e-34 1.588e-34 2.277e-34
 3.245e-34 4.586e-34 6.406e-34 8.814e-34 1.191e-33 1.580e-33 2.054e-33 2.626e-33
 3.312e-33 4.141e-33 5.161e-33 6.440e-33 8.062e-33 1.012e-32 1.270e-32 1.587e-32
 1.970e-32 2.423e-32 2.947e-32 3.544e-32 4.213e-32 4.952e-32 5.758e-32 6.628e-32
 7.560e-32 8.547e-32 9.582e-32 1.066e-31 1.176e-31 1.288e-31 1.400e-31 1.511e-31
 1.620e-31 1.724e-31 1.823e-31 1.915e-31 1.999e-31 2.075e-31 2.143e-31 2.203e-31
 2.255e-31 2.299e-31 2.336e-31 2.364e-31 2.385e-31 2.398e-31 2.401e-31 2.394e-31
 2.376e-31 2.346e-31 2.304e-31 2.250e-31 2.184e-31 2.105e-31 2.016e-31 1.917e-31
 1.810e-31 1.697e-31 1.582e-31 1.467e-31 1.354e-31 1.246e-31 1.144e-31 1.050e-31
 9.636e-32 8.863e-32 8.175e-32 7.572e-32 7.049e-32 6.601e-32 6.222e-32 5.905e-32
 5.644e-32 5.434e-32 5.268e-32 5.142e-32 5.051e-32 4.989e-32 4.952e-32 4.937e-32
 4.938e-32 4.953e-32 4.978e-32 5.011e-32 5.048e-32 5.086e-32 5.125e-32 5.162e-32
 5.195e-32 5.223e-32 5.246e-32 5.263e-32 5.272e-32 5.274e-32 5.269e-32 5.255e-32
 5.234e-32 5.205e-32 5.168e-32 5.125e-32 5.075e-32 5.019e-32 4.957e-32 4.890e-32
 4.819e-32 4.743e-32 4.665e-32 4.583e-32 4.499e-32 4.413e-32 4.326e-32 4.238e-32
 4.149e-32 4.061e-32 3.972e-32 3.884e-32 3.797e-32 3.711e-32 3.626e-32 3.542e-32
 3.460e-32 3.380e-32 3.301e-32 3.224e-32 3.148e-32 3.075e-32 3.003e-32 2.933e-32
 2.865e-32 2.799e-32 2.734e-32 2.671e-32 2.610e-32 2.551e-32 2.493e-32 2.436e-32
 2.382e-32 2.328e-32 2.276e-32 2.226e-32 2.177e-32 2.129e-32 2.082e-32 2.037e-32
 1.993e-32 1.950e-32 1.908e-32 1.867e-32 1.827e-32 1.788e-32 1.750e-32 1.713e-32
 1.678e-32 1.642e-32 1.608e-32 1.575e-32 1.542e-32 1.511e-32 1.480e-32 1.449e-32
 1.420e-32 1.391e-32 1.363e-32 1.336e-32 1.310e-32 1.284e-32 1.258e-32 1.233e-32
 1.209e-32 1.185e-32 1.162e-32 1.139e-32 1.117e-32 1.095e-32 1.074e-32 1.053e-32
 1.033e-32 1.013e-32 9.932e-33 9.741e-33 9.555e-33 9.373e-33 9.196e-33 9.022e-33
Lz[Wm**3] for tau[ms]=    1.0
 2.055e-37 3.791e-37 6.940e-37 1.251e-36 2.203e-36 3.764e-36 6.242e-36 1.010e-35
 1.607e-35 2.531e-35 3.969e-35 6.208e-35 9.648e-35 1.477e-34 2.205e-34 3.193e-34
 4.478e-34 6.089e-34 8.041e-34 1.033e-33 1.298e-33 1.607e-33 1.985e-33 2.473e-33
 3.127e-33 4.009e-33 5.180e-33 6.701e-33 8.630e-33 1.102e-32 1.392e-32 1.735e-32
 2.135e-32 2.592e-32 3.111e-32 3.693e-32 4.340e-32 5.052e-32 5.829e-32 6.666e-32
 7.557e-32 8.496e-32 9.471e-32 1.047e-31 1.149e-31 1.250e-31 1.350e-31 1.446e-31
 1.538e-31 1.623e-31 1.700e-31 1.770e-31 1.832e-31 1.887e-31 1.935e-31 1.975e-31
 2.005e-31 2.024e-31 2.027e-31 2.010e-31 1.971e-31 1.905e-31 1.812e-31 1.693e-31
 1.552e-31 1.396e-31 1.234e-31 1.074e-31 9.234e-32 7.867e-32 6.668e-32 5.641e-32
 4.778e-32 4.064e-32 3.480e-32 3.007e-32 2.629e-32 2.333e-32 2.106e-32 1.939e-32
 1.824e-32 1.757e-32 1.731e-32 1.744e-32 1.790e-32 1.868e-32 1.972e-32 2.098e-32
 2.244e-32 2.405e-32 2.575e-32 2.752e-32 2.931e-32 3.108e-32 3.279e-32 3.443e-32
 3.596e-32 3.737e-32 3.864e-32 3.976e-32 4.071e-32 4.148e-32 4.205e-32 4.242e-32
 4.256e-32 4.246e-32 4.212e-32 4.154e-32 4.073e-32 3.971e-32 3.850e-32 3.714e-32
 3.567e-32 3.412e-32 3.252e-32 3.093e-32 2.935e-32 2.781e-32 2.633e-32 2.492e-32
 2.358e-32 2.232e-32 2.115e-32 2.006e-32 1.905e-32 1.812e-32 1.727e-32 1.649e-32
 1.578e-32 1.513e-32 1.455e-32 1.402e-32 1.354e-32 1.311e-32 1.273e-32 1.238e-32
 1.207e-32 1.179e-32 1.153e-32 1.130e-32 1.110e-32 1.091e-32 1.074e-32 1.058e-32
 1.044e-32 1.030e-32 1.017e-32 1.005e-32 9.924e-33 9.805e-33 9.686e-33 9.568e-33
 9.450e-33 9.331e-33 9.211e-33 9.089e-33 8.967e-33 8.844e-33 8.721e-33 8.596e-33
 8.471e-33 8.345e-33 8.218e-33 8.090e-33 7.962e-33 7.835e-33 7.709e-33 7.584e-33
 7.461e-33 7.339e-33 7.219e-33 7.100e-33 6.984e-33 6.869e-33 6.757e-33 6.647e-33
 6.540e-33 6.436e-33 6.334e-33 6.235e-33 6.138e-33 6.044e-33 5.952e-33 5.863e-33
 5.776e-33 5.691e-33 5.609e-33 5.529e-33 5.451e-33 5.376e-33 5.302e-33 5.231e-33
 5.162e-33 5.095e-33 5.031e-33 4.968e-33 4.908e-33 4.850e-33 4.795e-33 4.741e-33
Lz[Wm**3] for tau[ms]=   10.0
 2.057e-37 3.806e-37 7.013e-37 1.281e-36 2.309e-36 4.085e-36 7.102e-36 1.218e-35
 2.058e-35 3.400e-35 5.457e-35 8.461e-35 1.266e-34 1.831e-34 2.555e-34 3.430e-34
 4.409e-34 5.430e-34 6.511e-34 7.824e-34 9.671e-34 1.239e-33 1.632e-33 2.180e-33
 2.925e-33 3.912e-33 5.193e-33 6.818e-33 8.837e-33 1.129e-32 1.421e-32 1.763e-32
 2.158e-32 2.609e-32 3.122e-32 3.698e-32 4.339e-32 5.047e-32 5.817e-32 6.647e-32
 7.530e-32 8.456e-32 9.418e-32 1.040e-31 1.140e-31 1.239e-31 1.336e-31 1.430e-31
 1.517e-31 1.598e-31 1.671e-31 1.737e-31 1.794e-31 1.844e-31 1.884e-31 1.913e-31
 1.925e-31 1.910e-31 1.857e-31 1.754e-31 1.595e-31 1.387e-31 1.152e-31 9.198e-32
 7.129e-32 5.433e-32 4.117e-32 3.127e-32 2.396e-32 1.859e-32 1.467e-32 1.181e-32
 9.732e-33 8.248e-33 7.224e-33 6.571e-33 6.231e-33 6.168e-33 6.362e-33 6.805e-33
 7.493e-33 8.428e-33 9.605e-33 1.102e-32 1.265e-32 1.447e-32 1.645e-32 1.857e-32
 2.077e-32 2.301e-32 2.524e-32 2.743e-32 2.952e-32 3.148e-32 3.330e-32 3.495e-32
 3.643e-32 3.773e-32 3.884e-32 3.973e-32 4.036e-32 4.066e-32 4.055e-32 3.992e-32
 3.866e-32 3.672e-32 3.416e-32 3.114e-32 2.789e-32 2.463e-32 2.154e-32 1.875e-32
 1.630e-32 1.420e-32 1.243e-32 1.094e-32 9.699e-33 8.659e-33 7.789e-33 7.061e-33
 6.455e-33 5.953e-33 5.541e-33 5.207e-33 4.941e-33 4.732e-33 4.573e-33 4.456e-33
 4.376e-33 4.330e-33 4.312e-33 4.319e-33 4.346e-33 4.392e-33 4.450e-33 4.518e-33
 4.592e-33 4.668e-33 4.743e-33 4.815e-33 4.879e-33 4.934e-33 4.977e-33 5.006e-33
 5.020e-33 5.018e-33 5.001e-33 4.967e-33 4.919e-33 4.857e-33 4.783e-33 4.699e-33
 4.606e-33 4.506e-33 4.401e-33 4.293e-33 4.184e-33 4.074e-33 3.966e-33 3.860e-33
 3.757e-33 3.656e-33 3.560e-33 3.466e-33 3.377e-33 3.292e-33 3.211e-33 3.135e-33
 3.063e-33 2.995e-33 2.932e-33 2.872e-33 2.817e-33 2.765e-33 2.717e-33 2.672e-33
 2.631e-33 2.593e-33 2.559e-33 2.527e-33 2.497e-33 2.471e-33 2.447e-33 2.426e-33
 2.407e-33 2.391e-33 2.376e-33 2.364e-33 2.354e-33 2.345e-33 2.338e-33 2.333e-33
 2.330e-33 2.328e-33 2.328e-33 2.330e-33 2.333e-33 2.338e-33 2.344e-33 2.351e-33
Lz[Wm**3] for tau[ms]=  100.0
 2.059e-37 3.821e-37 7.118e-37 1.342e-36 2.581e-36 4.966e-36 9.187e-36 1.597e-35
 2.620e-35 4.114e-35 6.259e-35 9.278e-35 1.341e-34 1.884e-34 2.545e-34 3.251e-34
 3.878e-34 4.426e-34 5.148e-34 6.385e-34 8.390e-34 1.137e-33 1.558e-33 2.133e-33
 2.901e-33 3.909e-33 5.208e-33 6.849e-33 8.879e-33 1.134e-32 1.426e-32 1.767e-32
 2.160e-32 2.611e-32 3.122e-32 3.698e-32 4.339e-32 5.046e-32 5.816e-32 6.645e-32
 7.526e-32 8.451e-32 9.411e-32 1.040e-31 1.139e-31 1.238e-31 1.335e-31 1.428e-31
 1.515e-31 1.595e-31 1.668e-31 1.733e-31 1.789e-31 1.838e-31 1.878e-31 1.903e-31
 1.908e-31 1.880e-31 1.801e-31 1.656e-31 1.444e-31 1.185e-31 9.186e-32 6.805e-32
 4.905e-32 3.499e-32 2.502e-32 1.809e-32 1.332e-32 1.003e-32 7.756e-33 6.199e-33
 5.154e-33 4.485e-33 4.109e-33 3.977e-33 4.059e-33 4.344e-33 4.828e-33 5.517e-33
 6.420e-33 7.545e-33 8.894e-33 1.046e-32 1.223e-32 1.418e-32 1.629e-32 1.850e-32
 2.079e-32 2.310e-32 2.539e-32 2.761e-32 2.972e-32 3.169e-32 3.349e-32 3.513e-32
 3.659e-32 3.785e-32 3.892e-32 3.976e-32 4.030e-32 4.047e-32 4.011e-32 3.906e-32
 3.715e-32 3.433e-32 3.075e-32 2.672e-32 2.265e-32 1.888e-32 1.558e-32 1.283e-32
 1.060e-32 8.823e-33 7.421e-33 6.317e-33 5.446e-33 4.758e-33 4.214e-33 3.784e-33
 3.449e-33 3.193e-33 3.002e-33 2.868e-33 2.782e-33 2.736e-33 2.723e-33 2.740e-33
 2.780e-33 2.842e-33 2.922e-33 3.018e-33 3.125e-33 3.242e-33 3.362e-33 3.484e-33
 3.604e-33 3.717e-33 3.819e-33 3.908e-33 3.980e-33 4.032e-33 4.061e-33 4.066e-33
 4.047e-33 4.005e-33 3.942e-33 3.859e-33 3.760e-33 3.649e-33 3.529e-33 3.403e-33
 3.274e-33 3.144e-33 3.015e-33 2.889e-33 2.768e-33 2.654e-33 2.546e-33 2.446e-33
 2.353e-33 2.268e-33 2.188e-33 2.115e-33 2.048e-33 1.987e-33 1.932e-33 1.881e-33
 1.836e-33 1.795e-33 1.758e-33 1.725e-33 1.696e-33 1.671e-33 1.648e-33 1.629e-33
 1.613e-33 1.599e-33 1.588e-33 1.580e-33 1.573e-33 1.569e-33 1.566e-33 1.566e-33
 1.567e-33 1.570e-33 1.575e-33 1.582e-33 1.589e-33 1.599e-33 1.609e-33 1.622e-33
 1.635e-33 1.650e-33 1.665e-33 1.682e-33 1.700e-33 1.720e-33 1.740e-33 1.762e-33
Lz[Wm**3] for tau[ms]= 1000.0
 2.060e-37 3.824e-37 7.145e-37 1.363e-36 2.694e-36 5.361e-36 1.001e-35 1.713e-35
 2.748e-35 4.240e-35 6.376e-35 9.381e-35 1.350e-34 1.888e-34 2.537e-34 3.207e-34
 3.761e-34 4.229e-34 4.921e-34 6.179e-34 8.227e-34 1.126e-33 1.550e-33 2.128e-33
 2.899e-33 3.909e-33 5.210e-33 6.852e-33 8.884e-33 1.134e-32 1.426e-32 1.767e-32
 2.161e-32 2.611e-32 3.123e-32 3.698e-32 4.339e-32 5.045e-32 5.816e-32 6.644e-32
 7.526e-32 8.451e-32 9.411e-32 1.039e-31 1.139e-31 1.238e-31 1.335e-31 1.427e-31
 1.515e-31 1.595e-31 1.668e-31 1.732e-31 1.789e-31 1.838e-31 1.877e-31 1.902e-31
 1.906e-31 1.876e-31 1.793e-31 1.643e-31 1.424e-31 1.158e-31 8.883e-32 6.510e-32
 4.643e-32 3.279e-32 2.324e-32 1.668e-32 1.219e-32 9.132e-33 7.041e-33 5.624e-33
 4.686e-33 4.102e-33 3.794e-33 3.715e-33 3.840e-33 4.160e-33 4.674e-33 5.388e-33
 6.313e-33 7.458e-33 8.824e-33 1.041e-32 1.219e-32 1.416e-32 1.627e-32 1.850e-32
 2.079e-32 2.311e-32 2.540e-32 2.763e-32 2.974e-32 3.171e-32 3.352e-32 3.515e-32
 3.660e-32 3.787e-32 3.893e-32 3.976e-32 4.030e-32 4.044e-32 4.005e-32 3.894e-32
 3.695e-32 3.401e-32 3.028e-32 2.612e-32 2.195e-32 1.813e-32 1.482e-32 1.210e-32
 9.912e-33 8.190e-33 6.843e-33 5.792e-33 4.970e-33 4.326e-33 3.822e-33 3.429e-33
 3.126e-33 2.897e-33 2.732e-33 2.621e-33 2.554e-33 2.526e-33 2.530e-33 2.560e-33
 2.614e-33 2.687e-33 2.778e-33 2.883e-33 2.999e-33 3.122e-33 3.249e-33 3.376e-33
 3.499e-33 3.615e-33 3.719e-33 3.808e-33 3.878e-33 3.927e-33 3.951e-33 3.951e-33
 3.925e-33 3.874e-33 3.802e-33 3.710e-33 3.603e-33 3.483e-33 3.356e-33 3.224e-33
 3.090e-33 2.957e-33 2.826e-33 2.699e-33 2.578e-33 2.464e-33 2.358e-33 2.260e-33
 2.170e-33 2.088e-33 2.012e-33 1.943e-33 1.880e-33 1.823e-33 1.772e-33 1.725e-33
 1.684e-33 1.647e-33 1.614e-33 1.585e-33 1.560e-33 1.538e-33 1.520e-33 1.504e-33
 1.491e-33 1.481e-33 1.473e-33 1.467e-33 1.463e-33 1.462e-33 1.462e-33 1.464e-33
 1.468e-33 1.474e-33 1.481e-33 1.490e-33 1.500e-33 1.511e-33 1.524e-33 1.538e-33
 1.554e-33 1.570e-33 1.588e-33 1.607e-33 1.627e-33 1.648e-33 1.670e-33 1.693e-33
Lz[Wm**3] in equilibrium - infinite confinement
 2.060e-37 3.824e-37 7.149e-37 1.365e-36 2.711e-36 5.421e-36 1.013e-35 1.728e-35
 2.764e-35 4.255e-35 6.390e-35 9.393e-35 1.350e-34 1.888e-34 2.536e-34 3.201e-34
 3.747e-34 4.206e-34 4.894e-34 6.155e-34 8.209e-34 1.124e-33 1.549e-33 2.127e-33
 2.898e-33 3.909e-33 5.210e-33 6.853e-33 8.885e-33 1.134e-32 1.426e-32 1.767e-32
 2.161e-32 2.611e-32 3.123e-32 3.698e-32 4.339e-32 5.045e-32 5.815e-32 6.644e-32
 7.526e-32 8.451e-32 9.411e-32 1.039e-31 1.139e-31 1.238e-31 1.335e-31 1.427e-31
 1.515e-31 1.595e-31 1.668e-31 1.732e-31 1.789e-31 1.838e-31 1.877e-31 1.902e-31
 1.906e-31 1.875e-31 1.792e-31 1.641e-31 1.421e-31 1.155e-31 8.849e-32 6.476e-32
 4.613e-32 3.254e-32 2.304e-32 1.652e-32 1.207e-32 9.032e-33 6.961e-33 5.560e-33
 4.634e-33 4.060e-33 3.759e-33 3.686e-33 3.816e-33 4.140e-33 4.657e-33 5.374e-33
 6.302e-33 7.448e-33 8.817e-33 1.040e-32 1.219e-32 1.416e-32 1.627e-32 1.850e-32
 2.079e-32 2.311e-32 2.541e-32 2.763e-32 2.974e-32 3.171e-32 3.352e-32 3.515e-32
 3.660e-32 3.787e-32 3.893e-32 3.976e-32 4.030e-32 4.044e-32 4.005e-32 3.893e-32
 3.692e-32 3.397e-32 3.022e-32 2.605e-32 2.187e-32 1.804e-32 1.474e-32 1.201e-32
 9.835e-33 8.118e-33 6.777e-33 5.732e-33 4.916e-33 4.278e-33 3.778e-33 3.389e-33
 3.089e-33 2.864e-33 2.702e-33 2.593e-33 2.529e-33 2.503e-33 2.508e-33 2.540e-33
 2.595e-33 2.670e-33 2.762e-33 2.868e-33 2.984e-33 3.108e-33 3.236e-33 3.364e-33
 3.488e-33 3.603e-33 3.708e-33 3.797e-33 3.867e-33 3.915e-33 3.939e-33 3.937e-33
 3.911e-33 3.859e-33 3.786e-33 3.693e-33 3.584e-33 3.464e-33 3.336e-33 3.203e-33
 3.069e-33 2.935e-33 2.804e-33 2.677e-33 2.556e-33 2.442e-33 2.336e-33 2.239e-33
 2.149e-33 2.067e-33 1.992e-33 1.923e-33 1.861e-33 1.804e-33 1.753e-33 1.708e-33
 1.667e-33 1.630e-33 1.598e-33 1.569e-33 1.545e-33 1.523e-33 1.505e-33 1.490e-33
 1.477e-33 1.467e-33 1.460e-33 1.454e-33 1.451e-33 1.450e-33 1.450e-33 1.453e-33
 1.457e-33 1.463e-33 1.470e-33 1.479e-33 1.490e-33 1.502e-33 1.515e-33 1.529e-33
 1.545e-33 1.561e-33 1.579e-33 1.598e-33 1.618e-33 1.639e-33 1.662e-33 1.685e-33
C-------------------------------------------------------------------------------
C
C  The fractional abundance and radiated power were generated from the
C  ADAS installation at UKAEA with the named adf11 files. The adf11 data
C  files may be updated in a later release of ADAS and publicly
C  available versions may be found at https://open.adas.ac.uk/.
C
C  The equilibrium balance data was produced with run_adas405.py and
C  the balance with a confinement time with adas4xx_ionbal_tau.py
C  which are functions from the ADAS library. Details on these codes
C  may be found at: https://www.adas.ac.uk/python_lib/index.html
C
C  Copyright (C) 2023 UK Atomic Energy Authority
C
C  This file was generated for use in the UKAEA systems code PROCESS
C  using a script written by Martin O'Mullane.
C  If acquired without provenance a user is strongly advised
C  to check its validity by re-generating using the adf11 files from
C  the OPEN-ADAS site.
C
C  Produced by : Timothy Nunn
C  Date        : 24-05-23
C
C-------------------------------------------------------------------------------
