Mean quadratic charge as a function dwell time.
Temperature :      1.0 -  40000.0 eV
Density     : 1.00e+20 m-3
   200     5  # Te values, dwell time

Source data:
acd : /home/adas/adas/adf11/acd96/acd96_be.dat
scd : /home/adas/adas/adf11/scd96/scd96_be.dat
plt : /home/adas/adas/adf11/plt96/plt96_be.dat
prb : /home/adas/adas/adf11/prb96/prb96_be.dat

Te[eV]
 1.000e+00 1.055e+00 1.112e+00 1.173e+00 1.237e+00 1.305e+00 1.376e+00 1.452e+00
 1.531e+00 1.615e+00 1.703e+00 1.796e+00 1.895e+00 1.998e+00 2.107e+00 2.223e+00
 2.344e+00 2.473e+00 2.608e+00 2.750e+00 2.901e+00 3.059e+00 3.227e+00 3.403e+00
 3.589e+00 3.786e+00 3.993e+00 4.211e+00 4.441e+00 4.684e+00 4.941e+00 5.211e+00
 5.496e+00 5.796e+00 6.113e+00 6.448e+00 6.800e+00 7.172e+00 7.565e+00 7.978e+00
 8.415e+00 8.875e+00 9.360e+00 9.872e+00 1.041e+01 1.098e+01 1.158e+01 1.222e+01
 1.288e+01 1.359e+01 1.433e+01 1.512e+01 1.594e+01 1.681e+01 1.773e+01 1.870e+01
 1.973e+01 2.081e+01 2.194e+01 2.314e+01 2.441e+01 2.574e+01 2.715e+01 2.864e+01
 3.020e+01 3.186e+01 3.360e+01 3.544e+01 3.737e+01 3.942e+01 4.157e+01 4.385e+01
 4.625e+01 4.877e+01 5.144e+01 5.426e+01 5.722e+01 6.035e+01 6.365e+01 6.713e+01
 7.081e+01 7.468e+01 7.876e+01 8.307e+01 8.761e+01 9.241e+01 9.746e+01 1.028e+02
 1.084e+02 1.143e+02 1.206e+02 1.272e+02 1.341e+02 1.415e+02 1.492e+02 1.574e+02
 1.660e+02 1.751e+02 1.846e+02 1.947e+02 2.054e+02 2.166e+02 2.285e+02 2.410e+02
 2.542e+02 2.681e+02 2.827e+02 2.982e+02 3.145e+02 3.317e+02 3.498e+02 3.690e+02
 3.891e+02 4.104e+02 4.329e+02 4.565e+02 4.815e+02 5.078e+02 5.356e+02 5.649e+02
 5.958e+02 6.284e+02 6.628e+02 6.990e+02 7.373e+02 7.776e+02 8.201e+02 8.650e+02
 9.123e+02 9.622e+02 1.015e+03 1.070e+03 1.129e+03 1.191e+03 1.256e+03 1.324e+03
 1.397e+03 1.473e+03 1.554e+03 1.639e+03 1.728e+03 1.823e+03 1.923e+03 2.028e+03
 2.139e+03 2.256e+03 2.379e+03 2.509e+03 2.646e+03 2.791e+03 2.944e+03 3.105e+03
 3.274e+03 3.454e+03 3.642e+03 3.842e+03 4.052e+03 4.273e+03 4.507e+03 4.754e+03
 5.014e+03 5.288e+03 5.577e+03 5.882e+03 6.204e+03 6.543e+03 6.901e+03 7.278e+03
 7.676e+03 8.096e+03 8.539e+03 9.006e+03 9.499e+03 1.002e+04 1.057e+04 1.114e+04
 1.175e+04 1.240e+04 1.307e+04 1.379e+04 1.454e+04 1.534e+04 1.618e+04 1.706e+04
 1.800e+04 1.898e+04 2.002e+04 2.111e+04 2.227e+04 2.349e+04 2.477e+04 2.612e+04
 2.755e+04 2.906e+04 3.065e+04 3.233e+04 3.409e+04 3.596e+04 3.793e+04 4.000e+04
sqrt(<Z^2>) for tau[ms]=    0.1
 8.581e-01 8.935e-01 9.199e-01 9.397e-01 9.550e-01 9.677e-01 9.792e-01 9.914e-01
 1.006e+00 1.025e+00 1.051e+00 1.086e+00 1.131e+00 1.189e+00 1.256e+00 1.332e+00
 1.412e+00 1.492e+00 1.568e+00 1.638e+00 1.699e+00 1.751e+00 1.794e+00 1.830e+00
 1.860e+00 1.883e+00 1.903e+00 1.918e+00 1.931e+00 1.941e+00 1.950e+00 1.957e+00
 1.962e+00 1.967e+00 1.971e+00 1.974e+00 1.977e+00 1.979e+00 1.982e+00 1.983e+00
 1.985e+00 1.986e+00 1.987e+00 1.988e+00 1.989e+00 1.990e+00 1.991e+00 1.991e+00
 1.992e+00 1.993e+00 1.994e+00 1.995e+00 1.996e+00 1.998e+00 2.001e+00 2.005e+00
 2.010e+00 2.018e+00 2.028e+00 2.041e+00 2.057e+00 2.077e+00 2.102e+00 2.130e+00
 2.163e+00 2.200e+00 2.240e+00 2.282e+00 2.327e+00 2.372e+00 2.418e+00 2.464e+00
 2.510e+00 2.555e+00 2.599e+00 2.643e+00 2.686e+00 2.729e+00 2.772e+00 2.815e+00
 2.857e+00 2.900e+00 2.942e+00 2.984e+00 3.026e+00 3.067e+00 3.107e+00 3.147e+00
 3.185e+00 3.223e+00 3.259e+00 3.293e+00 3.326e+00 3.357e+00 3.386e+00 3.414e+00
 3.440e+00 3.465e+00 3.487e+00 3.508e+00 3.528e+00 3.547e+00 3.564e+00 3.579e+00
 3.594e+00 3.607e+00 3.620e+00 3.631e+00 3.642e+00 3.652e+00 3.661e+00 3.669e+00
 3.677e+00 3.684e+00 3.691e+00 3.697e+00 3.702e+00 3.708e+00 3.712e+00 3.717e+00
 3.720e+00 3.724e+00 3.727e+00 3.730e+00 3.732e+00 3.734e+00 3.736e+00 3.738e+00
 3.739e+00 3.740e+00 3.741e+00 3.742e+00 3.742e+00 3.742e+00 3.742e+00 3.742e+00
 3.742e+00 3.741e+00 3.740e+00 3.740e+00 3.739e+00 3.737e+00 3.736e+00 3.735e+00
 3.733e+00 3.732e+00 3.730e+00 3.728e+00 3.726e+00 3.724e+00 3.722e+00 3.719e+00
 3.717e+00 3.715e+00 3.712e+00 3.709e+00 3.706e+00 3.704e+00 3.701e+00 3.698e+00
 3.695e+00 3.692e+00 3.689e+00 3.686e+00 3.683e+00 3.679e+00 3.676e+00 3.673e+00
 3.669e+00 3.666e+00 3.662e+00 3.659e+00 3.655e+00 3.652e+00 3.648e+00 3.645e+00
 3.641e+00 3.637e+00 3.634e+00 3.630e+00 3.626e+00 3.622e+00 3.619e+00 3.615e+00
 3.611e+00 3.607e+00 3.603e+00 3.599e+00 3.595e+00 3.591e+00 3.587e+00 3.583e+00
 3.578e+00 3.574e+00 3.570e+00 3.566e+00 3.561e+00 3.557e+00 3.553e+00 3.548e+00
sqrt(<Z^2>) for tau[ms]=    1.0
 9.798e-01 9.873e-01 9.939e-01 1.002e+00 1.013e+00 1.030e+00 1.059e+00 1.103e+00
 1.166e+00 1.251e+00 1.352e+00 1.462e+00 1.570e+00 1.666e+00 1.747e+00 1.810e+00
 1.859e+00 1.895e+00 1.921e+00 1.940e+00 1.954e+00 1.965e+00 1.973e+00 1.978e+00
 1.983e+00 1.986e+00 1.989e+00 1.991e+00 1.992e+00 1.993e+00 1.994e+00 1.995e+00
 1.996e+00 1.996e+00 1.997e+00 1.997e+00 1.998e+00 1.998e+00 1.998e+00 1.998e+00
 1.998e+00 1.999e+00 1.999e+00 1.999e+00 1.999e+00 1.999e+00 2.000e+00 2.001e+00
 2.002e+00 2.004e+00 2.008e+00 2.015e+00 2.025e+00 2.040e+00 2.062e+00 2.093e+00
 2.133e+00 2.184e+00 2.244e+00 2.313e+00 2.385e+00 2.460e+00 2.533e+00 2.603e+00
 2.668e+00 2.729e+00 2.786e+00 2.841e+00 2.895e+00 2.950e+00 3.007e+00 3.066e+00
 3.128e+00 3.193e+00 3.258e+00 3.323e+00 3.386e+00 3.447e+00 3.503e+00 3.555e+00
 3.602e+00 3.644e+00 3.682e+00 3.716e+00 3.745e+00 3.771e+00 3.794e+00 3.814e+00
 3.832e+00 3.847e+00 3.861e+00 3.873e+00 3.884e+00 3.893e+00 3.901e+00 3.908e+00
 3.915e+00 3.921e+00 3.926e+00 3.930e+00 3.934e+00 3.938e+00 3.941e+00 3.944e+00
 3.947e+00 3.949e+00 3.951e+00 3.953e+00 3.955e+00 3.957e+00 3.958e+00 3.959e+00
 3.961e+00 3.962e+00 3.963e+00 3.964e+00 3.964e+00 3.965e+00 3.966e+00 3.967e+00
 3.967e+00 3.968e+00 3.968e+00 3.968e+00 3.969e+00 3.969e+00 3.969e+00 3.970e+00
 3.970e+00 3.970e+00 3.970e+00 3.970e+00 3.970e+00 3.970e+00 3.970e+00 3.970e+00
 3.970e+00 3.970e+00 3.970e+00 3.970e+00 3.970e+00 3.970e+00 3.970e+00 3.969e+00
 3.969e+00 3.969e+00 3.969e+00 3.969e+00 3.968e+00 3.968e+00 3.968e+00 3.967e+00
 3.967e+00 3.967e+00 3.966e+00 3.966e+00 3.966e+00 3.965e+00 3.965e+00 3.965e+00
 3.964e+00 3.964e+00 3.963e+00 3.963e+00 3.962e+00 3.962e+00 3.961e+00 3.961e+00
 3.960e+00 3.960e+00 3.959e+00 3.959e+00 3.958e+00 3.958e+00 3.957e+00 3.957e+00
 3.956e+00 3.956e+00 3.955e+00 3.955e+00 3.954e+00 3.953e+00 3.953e+00 3.952e+00
 3.952e+00 3.951e+00 3.950e+00 3.950e+00 3.949e+00 3.949e+00 3.948e+00 3.947e+00
 3.947e+00 3.946e+00 3.945e+00 3.944e+00 3.944e+00 3.943e+00 3.942e+00 3.942e+00
sqrt(<Z^2>) for tau[ms]=   10.0
 9.961e-01 1.001e+00 1.008e+00 1.022e+00 1.046e+00 1.091e+00 1.162e+00 1.265e+00
 1.394e+00 1.532e+00 1.659e+00 1.762e+00 1.838e+00 1.891e+00 1.927e+00 1.951e+00
 1.966e+00 1.976e+00 1.983e+00 1.988e+00 1.991e+00 1.994e+00 1.995e+00 1.996e+00
 1.997e+00 1.998e+00 1.998e+00 1.999e+00 1.999e+00 1.999e+00 1.999e+00 1.999e+00
 1.999e+00 2.000e+00 2.000e+00 2.000e+00 2.000e+00 2.000e+00 2.000e+00 2.000e+00
 2.000e+00 2.000e+00 2.000e+00 2.000e+00 2.001e+00 2.002e+00 2.004e+00 2.009e+00
 2.017e+00 2.031e+00 2.055e+00 2.092e+00 2.146e+00 2.218e+00 2.307e+00 2.407e+00
 2.510e+00 2.606e+00 2.692e+00 2.765e+00 2.827e+00 2.880e+00 2.929e+00 2.979e+00
 3.032e+00 3.092e+00 3.162e+00 3.240e+00 3.325e+00 3.413e+00 3.499e+00 3.579e+00
 3.651e+00 3.712e+00 3.764e+00 3.806e+00 3.841e+00 3.869e+00 3.891e+00 3.909e+00
 3.924e+00 3.936e+00 3.945e+00 3.953e+00 3.960e+00 3.965e+00 3.969e+00 3.973e+00
 3.976e+00 3.979e+00 3.981e+00 3.983e+00 3.985e+00 3.986e+00 3.988e+00 3.989e+00
 3.990e+00 3.990e+00 3.991e+00 3.992e+00 3.992e+00 3.993e+00 3.993e+00 3.994e+00
 3.994e+00 3.994e+00 3.995e+00 3.995e+00 3.995e+00 3.995e+00 3.995e+00 3.996e+00
 3.996e+00 3.996e+00 3.996e+00 3.996e+00 3.996e+00 3.996e+00 3.996e+00 3.996e+00
 3.997e+00 3.997e+00 3.997e+00 3.997e+00 3.997e+00 3.997e+00 3.997e+00 3.997e+00
 3.997e+00 3.997e+00 3.997e+00 3.997e+00 3.997e+00 3.997e+00 3.997e+00 3.997e+00
 3.997e+00 3.997e+00 3.997e+00 3.997e+00 3.997e+00 3.997e+00 3.997e+00 3.997e+00
 3.997e+00 3.997e+00 3.997e+00 3.997e+00 3.997e+00 3.997e+00 3.997e+00 3.997e+00
 3.997e+00 3.997e+00 3.997e+00 3.997e+00 3.996e+00 3.996e+00 3.996e+00 3.996e+00
 3.996e+00 3.996e+00 3.996e+00 3.996e+00 3.996e+00 3.996e+00 3.996e+00 3.996e+00
 3.996e+00 3.996e+00 3.996e+00 3.996e+00 3.996e+00 3.996e+00 3.996e+00 3.996e+00
 3.996e+00 3.995e+00 3.995e+00 3.995e+00 3.995e+00 3.995e+00 3.995e+00 3.995e+00
 3.995e+00 3.995e+00 3.995e+00 3.995e+00 3.995e+00 3.995e+00 3.995e+00 3.995e+00
 3.994e+00 3.994e+00 3.994e+00 3.994e+00 3.994e+00 3.994e+00 3.994e+00 3.994e+00
sqrt(<Z^2>) for tau[ms]=  100.0
 9.979e-01 1.003e+00 1.011e+00 1.026e+00 1.056e+00 1.109e+00 1.194e+00 1.314e+00
 1.456e+00 1.600e+00 1.723e+00 1.816e+00 1.881e+00 1.923e+00 1.950e+00 1.968e+00
 1.979e+00 1.986e+00 1.990e+00 1.993e+00 1.995e+00 1.997e+00 1.997e+00 1.998e+00
 1.999e+00 1.999e+00 1.999e+00 1.999e+00 2.000e+00 2.000e+00 2.000e+00 2.000e+00
 2.000e+00 2.000e+00 2.000e+00 2.000e+00 2.000e+00 2.000e+00 2.000e+00 2.000e+00
 2.000e+00 2.000e+00 2.000e+00 2.001e+00 2.002e+00 2.004e+00 2.009e+00 2.018e+00
 2.034e+00 2.063e+00 2.110e+00 2.180e+00 2.273e+00 2.386e+00 2.504e+00 2.616e+00
 2.712e+00 2.791e+00 2.852e+00 2.901e+00 2.944e+00 2.985e+00 3.030e+00 3.083e+00
 3.148e+00 3.227e+00 3.317e+00 3.415e+00 3.512e+00 3.604e+00 3.684e+00 3.752e+00
 3.806e+00 3.849e+00 3.883e+00 3.908e+00 3.928e+00 3.943e+00 3.955e+00 3.963e+00
 3.970e+00 3.976e+00 3.980e+00 3.983e+00 3.986e+00 3.988e+00 3.990e+00 3.992e+00
 3.993e+00 3.994e+00 3.995e+00 3.995e+00 3.996e+00 3.996e+00 3.997e+00 3.997e+00
 3.997e+00 3.998e+00 3.998e+00 3.998e+00 3.998e+00 3.998e+00 3.999e+00 3.999e+00
 3.999e+00 3.999e+00 3.999e+00 3.999e+00 3.999e+00 3.999e+00 3.999e+00 3.999e+00
 3.999e+00 3.999e+00 3.999e+00 3.999e+00 3.999e+00 3.999e+00 3.999e+00 3.999e+00
 4.000e+00 4.000e+00 4.000e+00 4.000e+00 4.000e+00 4.000e+00 4.000e+00 4.000e+00
 4.000e+00 4.000e+00 4.000e+00 4.000e+00 4.000e+00 4.000e+00 4.000e+00 4.000e+00
 4.000e+00 4.000e+00 4.000e+00 4.000e+00 4.000e+00 4.000e+00 4.000e+00 4.000e+00
 4.000e+00 4.000e+00 4.000e+00 4.000e+00 4.000e+00 4.000e+00 4.000e+00 4.000e+00
 4.000e+00 4.000e+00 4.000e+00 4.000e+00 4.000e+00 4.000e+00 4.000e+00 4.000e+00
 4.000e+00 4.000e+00 4.000e+00 4.000e+00 4.000e+00 4.000e+00 4.000e+00 4.000e+00
 4.000e+00 4.000e+00 4.000e+00 4.000e+00 4.000e+00 4.000e+00 4.000e+00 4.000e+00
 4.000e+00 4.000e+00 4.000e+00 4.000e+00 4.000e+00 4.000e+00 4.000e+00 4.000e+00
 4.000e+00 3.999e+00 3.999e+00 3.999e+00 3.999e+00 3.999e+00 3.999e+00 3.999e+00
 3.999e+00 3.999e+00 3.999e+00 3.999e+00 3.999e+00 3.999e+00 3.999e+00 3.999e+00
sqrt(<Z^2>) for tau[ms]= 1000.0
 9.981e-01 1.003e+00 1.011e+00 1.027e+00 1.057e+00 1.111e+00 1.198e+00 1.320e+00
 1.464e+00 1.608e+00 1.730e+00 1.822e+00 1.885e+00 1.927e+00 1.953e+00 1.969e+00
 1.980e+00 1.986e+00 1.991e+00 1.994e+00 1.996e+00 1.997e+00 1.998e+00 1.998e+00
 1.999e+00 1.999e+00 1.999e+00 1.999e+00 2.000e+00 2.000e+00 2.000e+00 2.000e+00
 2.000e+00 2.000e+00 2.000e+00 2.000e+00 2.000e+00 2.000e+00 2.000e+00 2.000e+00
 2.000e+00 2.000e+00 2.000e+00 2.001e+00 2.002e+00 2.004e+00 2.010e+00 2.019e+00
 2.038e+00 2.070e+00 2.122e+00 2.199e+00 2.300e+00 2.418e+00 2.539e+00 2.649e+00
 2.742e+00 2.815e+00 2.872e+00 2.918e+00 2.958e+00 2.998e+00 3.043e+00 3.098e+00
 3.166e+00 3.248e+00 3.342e+00 3.441e+00 3.540e+00 3.631e+00 3.709e+00 3.774e+00
 3.826e+00 3.866e+00 3.896e+00 3.920e+00 3.938e+00 3.951e+00 3.961e+00 3.969e+00
 3.975e+00 3.980e+00 3.984e+00 3.987e+00 3.989e+00 3.991e+00 3.992e+00 3.994e+00
 3.995e+00 3.995e+00 3.996e+00 3.997e+00 3.997e+00 3.997e+00 3.998e+00 3.998e+00
 3.998e+00 3.998e+00 3.999e+00 3.999e+00 3.999e+00 3.999e+00 3.999e+00 3.999e+00
 3.999e+00 3.999e+00 3.999e+00 3.999e+00 4.000e+00 4.000e+00 4.000e+00 4.000e+00
 4.000e+00 4.000e+00 4.000e+00 4.000e+00 4.000e+00 4.000e+00 4.000e+00 4.000e+00
 4.000e+00 4.000e+00 4.000e+00 4.000e+00 4.000e+00 4.000e+00 4.000e+00 4.000e+00
 4.000e+00 4.000e+00 4.000e+00 4.000e+00 4.000e+00 4.000e+00 4.000e+00 4.000e+00
 4.000e+00 4.000e+00 4.000e+00 4.000e+00 4.000e+00 4.000e+00 4.000e+00 4.000e+00
 4.000e+00 4.000e+00 4.000e+00 4.000e+00 4.000e+00 4.000e+00 4.000e+00 4.000e+00
 4.000e+00 4.000e+00 4.000e+00 4.000e+00 4.000e+00 4.000e+00 4.000e+00 4.000e+00
 4.000e+00 4.000e+00 4.000e+00 4.000e+00 4.000e+00 4.000e+00 4.000e+00 4.000e+00
 4.000e+00 4.000e+00 4.000e+00 4.000e+00 4.000e+00 4.000e+00 4.000e+00 4.000e+00
 4.000e+00 4.000e+00 4.000e+00 4.000e+00 4.000e+00 4.000e+00 4.000e+00 4.000e+00
 4.000e+00 4.000e+00 4.000e+00 4.000e+00 4.000e+00 4.000e+00 4.000e+00 4.000e+00
 4.000e+00 4.000e+00 4.000e+00 4.000e+00 4.000e+00 4.000e+00 4.000e+00 4.000e+00
sqrt(<Z^2>) in equilibrium - infinite confinement
 9.981e-01 1.003e+00 1.011e+00 1.027e+00 1.057e+00 1.111e+00 1.198e+00 1.320e+00
 1.465e+00 1.609e+00 1.731e+00 1.823e+00 1.886e+00 1.927e+00 1.953e+00 1.970e+00
 1.980e+00 1.987e+00 1.991e+00 1.994e+00 1.996e+00 1.997e+00 1.998e+00 1.998e+00
 1.999e+00 1.999e+00 1.999e+00 1.999e+00 2.000e+00 2.000e+00 2.000e+00 2.000e+00
 2.000e+00 2.000e+00 2.000e+00 2.000e+00 2.000e+00 2.000e+00 2.000e+00 2.000e+00
 2.000e+00 2.000e+00 2.000e+00 2.001e+00 2.002e+00 2.005e+00 2.010e+00 2.020e+00
 2.038e+00 2.071e+00 2.123e+00 2.201e+00 2.303e+00 2.422e+00 2.543e+00 2.653e+00
 2.746e+00 2.818e+00 2.875e+00 2.920e+00 2.960e+00 3.000e+00 3.045e+00 3.100e+00
 3.168e+00 3.251e+00 3.345e+00 3.445e+00 3.543e+00 3.634e+00 3.712e+00 3.776e+00
 3.828e+00 3.868e+00 3.898e+00 3.921e+00 3.939e+00 3.952e+00 3.962e+00 3.970e+00
 3.976e+00 3.980e+00 3.984e+00 3.987e+00 3.989e+00 3.991e+00 3.993e+00 3.994e+00
 3.995e+00 3.995e+00 3.996e+00 3.997e+00 3.997e+00 3.998e+00 3.998e+00 3.998e+00
 3.998e+00 3.999e+00 3.999e+00 3.999e+00 3.999e+00 3.999e+00 3.999e+00 3.999e+00
 3.999e+00 3.999e+00 3.999e+00 4.000e+00 4.000e+00 4.000e+00 4.000e+00 4.000e+00
 4.000e+00 4.000e+00 4.000e+00 4.000e+00 4.000e+00 4.000e+00 4.000e+00 4.000e+00
 4.000e+00 4.000e+00 4.000e+00 4.000e+00 4.000e+00 4.000e+00 4.000e+00 4.000e+00
 4.000e+00 4.000e+00 4.000e+00 4.000e+00 4.000e+00 4.000e+00 4.000e+00 4.000e+00
 4.000e+00 4.000e+00 4.000e+00 4.000e+00 4.000e+00 4.000e+00 4.000e+00 4.000e+00
 4.000e+00 4.000e+00 4.000e+00 4.000e+00 4.000e+00 4.000e+00 4.000e+00 4.000e+00
 4.000e+00 4.000e+00 4.000e+00 4.000e+00 4.000e+00 4.000e+00 4.000e+00 4.000e+00
 4.000e+00 4.000e+00 4.000e+00 4.000e+00 4.000e+00 4.000e+00 4.000e+00 4.000e+00
 4.000e+00 4.000e+00 4.000e+00 4.000e+00 4.000e+00 4.000e+00 4.000e+00 4.000e+00
 4.000e+00 4.000e+00 4.000e+00 4.000e+00 4.000e+00 4.000e+00 4.000e+00 4.000e+00
 4.000e+00 4.000e+00 4.000e+00 4.000e+00 4.000e+00 4.000e+00 4.000e+00 4.000e+00
 4.000e+00 4.000e+00 4.000e+00 4.000e+00 4.000e+00 4.000e+00 4.000e+00 4.000e+00
C-------------------------------------------------------------------------------
C
C  The fractional abundance and radiated power were generated from the
C  ADAS installation at UKAEA with the named adf11 files. The adf11 data
C  files may be updated in a later release of ADAS and publicly
C  available versions may be found at https://open.adas.ac.uk/.
C
C  The equilibrium balance data was produced with run_adas405.py and
C  the balance with a confinement time with adas4xx_ionbal_tau.py
C  which are functions from the ADAS library. Details on these codes
C  may be found at: https://www.adas.ac.uk/python_lib/index.html
C
C  Copyright (C) 2023 UK Atomic Energy Authority
C
C  This file was generated for use in the UKAEA systems code PROCESS
C  using a script written by Martin O'Mullane.
C  If acquired without provenance a user is strongly advised
C  to check its validity by re-generating using the adf11 files from
C  the OPEN-ADAS site.
C
C  Produced by : Timothy Nunn
C  Date        : 24-05-23
C
C-------------------------------------------------------------------------------
