Radiated power per atom (W m3) as a function dwell time.
Temperature :      1.0 -  40000.0 eV
Density     : 1.00e+20 m-3
   200     5  # Te values, dwell time

Source data:
acd : /home/adas/adas/adf11/acd96/acd96_c.dat
scd : /home/adas/adas/adf11/scd96/scd96_c.dat
plt : /home/adas/adas/adf11/plt96/plt96_c.dat
prb : /home/adas/adas/adf11/prb96/prb96_c.dat

Te[eV]
 1.000e+00 1.055e+00 1.112e+00 1.173e+00 1.237e+00 1.305e+00 1.376e+00 1.452e+00
 1.531e+00 1.615e+00 1.703e+00 1.796e+00 1.895e+00 1.998e+00 2.107e+00 2.223e+00
 2.344e+00 2.473e+00 2.608e+00 2.750e+00 2.901e+00 3.059e+00 3.227e+00 3.403e+00
 3.589e+00 3.786e+00 3.993e+00 4.211e+00 4.441e+00 4.684e+00 4.941e+00 5.211e+00
 5.496e+00 5.796e+00 6.113e+00 6.448e+00 6.800e+00 7.172e+00 7.565e+00 7.978e+00
 8.415e+00 8.875e+00 9.360e+00 9.872e+00 1.041e+01 1.098e+01 1.158e+01 1.222e+01
 1.288e+01 1.359e+01 1.433e+01 1.512e+01 1.594e+01 1.681e+01 1.773e+01 1.870e+01
 1.973e+01 2.081e+01 2.194e+01 2.314e+01 2.441e+01 2.574e+01 2.715e+01 2.864e+01
 3.020e+01 3.186e+01 3.360e+01 3.544e+01 3.737e+01 3.942e+01 4.157e+01 4.385e+01
 4.625e+01 4.877e+01 5.144e+01 5.426e+01 5.722e+01 6.035e+01 6.365e+01 6.713e+01
 7.081e+01 7.468e+01 7.876e+01 8.307e+01 8.761e+01 9.241e+01 9.746e+01 1.028e+02
 1.084e+02 1.143e+02 1.206e+02 1.272e+02 1.341e+02 1.415e+02 1.492e+02 1.574e+02
 1.660e+02 1.751e+02 1.846e+02 1.947e+02 2.054e+02 2.166e+02 2.285e+02 2.410e+02
 2.542e+02 2.681e+02 2.827e+02 2.982e+02 3.145e+02 3.317e+02 3.498e+02 3.690e+02
 3.891e+02 4.104e+02 4.329e+02 4.565e+02 4.815e+02 5.078e+02 5.356e+02 5.649e+02
 5.958e+02 6.284e+02 6.628e+02 6.990e+02 7.373e+02 7.776e+02 8.201e+02 8.650e+02
 9.123e+02 9.622e+02 1.015e+03 1.070e+03 1.129e+03 1.191e+03 1.256e+03 1.324e+03
 1.397e+03 1.473e+03 1.554e+03 1.639e+03 1.728e+03 1.823e+03 1.923e+03 2.028e+03
 2.139e+03 2.256e+03 2.379e+03 2.509e+03 2.646e+03 2.791e+03 2.944e+03 3.105e+03
 3.274e+03 3.454e+03 3.642e+03 3.842e+03 4.052e+03 4.273e+03 4.507e+03 4.754e+03
 5.014e+03 5.288e+03 5.577e+03 5.882e+03 6.204e+03 6.543e+03 6.901e+03 7.278e+03
 7.676e+03 8.096e+03 8.539e+03 9.006e+03 9.499e+03 1.002e+04 1.057e+04 1.114e+04
 1.175e+04 1.240e+04 1.307e+04 1.379e+04 1.454e+04 1.534e+04 1.618e+04 1.706e+04
 1.800e+04 1.898e+04 2.002e+04 2.111e+04 2.227e+04 2.349e+04 2.477e+04 2.612e+04
 2.755e+04 2.906e+04 3.065e+04 3.233e+04 3.409e+04 3.596e+04 3.793e+04 4.000e+04
Lz[Wm**3] for tau[ms]=    0.1
 4.713e-35 6.860e-35 9.691e-35 1.331e-34 1.782e-34 2.336e-34 3.018e-34 3.863e-34
 4.923e-34 6.261e-34 7.944e-34 1.004e-33 1.264e-33 1.580e-33 1.962e-33 2.417e-33
 2.954e-33 3.583e-33 4.314e-33 5.161e-33 6.137e-33 7.259e-33 8.543e-33 1.000e-32
 1.164e-32 1.347e-32 1.547e-32 1.764e-32 1.998e-32 2.247e-32 2.513e-32 2.796e-32
 3.096e-32 3.414e-32 3.751e-32 4.106e-32 4.476e-32 4.858e-32 5.247e-32 5.634e-32
 6.011e-32 6.366e-32 6.689e-32 6.969e-32 7.198e-32 7.367e-32 7.469e-32 7.499e-32
 7.456e-32 7.341e-32 7.157e-32 6.914e-32 6.621e-32 6.290e-32 5.933e-32 5.563e-32
 5.191e-32 4.825e-32 4.472e-32 4.138e-32 3.826e-32 3.537e-32 3.273e-32 3.032e-32
 2.813e-32 2.616e-32 2.438e-32 2.277e-32 2.132e-32 2.002e-32 1.885e-32 1.779e-32
 1.684e-32 1.598e-32 1.521e-32 1.452e-32 1.390e-32 1.336e-32 1.287e-32 1.245e-32
 1.208e-32 1.176e-32 1.150e-32 1.129e-32 1.112e-32 1.099e-32 1.091e-32 1.086e-32
 1.085e-32 1.087e-32 1.091e-32 1.097e-32 1.105e-32 1.115e-32 1.125e-32 1.136e-32
 1.148e-32 1.159e-32 1.171e-32 1.182e-32 1.192e-32 1.202e-32 1.211e-32 1.219e-32
 1.226e-32 1.233e-32 1.239e-32 1.244e-32 1.248e-32 1.252e-32 1.255e-32 1.257e-32
 1.259e-32 1.260e-32 1.260e-32 1.259e-32 1.258e-32 1.255e-32 1.252e-32 1.247e-32
 1.242e-32 1.236e-32 1.230e-32 1.224e-32 1.217e-32 1.211e-32 1.204e-32 1.197e-32
 1.189e-32 1.181e-32 1.173e-32 1.165e-32 1.156e-32 1.147e-32 1.138e-32 1.129e-32
 1.121e-32 1.112e-32 1.103e-32 1.095e-32 1.087e-32 1.079e-32 1.071e-32 1.063e-32
 1.055e-32 1.047e-32 1.039e-32 1.030e-32 1.022e-32 1.014e-32 1.006e-32 9.984e-33
 9.908e-33 9.833e-33 9.759e-33 9.686e-33 9.612e-33 9.538e-33 9.464e-33 9.388e-33
 9.310e-33 9.231e-33 9.150e-33 9.069e-33 8.989e-33 8.909e-33 8.831e-33 8.756e-33
 8.683e-33 8.612e-33 8.542e-33 8.475e-33 8.409e-33 8.344e-33 8.280e-33 8.216e-33
 8.154e-33 8.093e-33 8.032e-33 7.972e-33 7.912e-33 7.853e-33 7.795e-33 7.737e-33
 7.679e-33 7.622e-33 7.566e-33 7.510e-33 7.455e-33 7.400e-33 7.345e-33 7.291e-33
 7.238e-33 7.185e-33 7.132e-33 7.080e-33 7.028e-33 6.977e-33 6.926e-33 6.876e-33
Lz[Wm**3] for tau[ms]=    1.0
 4.126e-35 5.674e-35 7.592e-35 1.004e-34 1.328e-34 1.770e-34 2.370e-34 3.177e-34
 4.241e-34 5.615e-34 7.356e-34 9.523e-34 1.218e-33 1.540e-33 1.926e-33 2.385e-33
 2.928e-33 3.572e-33 4.333e-33 5.232e-33 6.285e-33 7.502e-33 8.889e-33 1.044e-32
 1.216e-32 1.405e-32 1.612e-32 1.838e-32 2.087e-32 2.363e-32 2.670e-32 3.012e-32
 3.389e-32 3.794e-32 4.216e-32 4.636e-32 5.032e-32 5.383e-32 5.667e-32 5.865e-32
 5.961e-32 5.940e-32 5.795e-32 5.528e-32 5.156e-32 4.706e-32 4.210e-32 3.705e-32
 3.219e-32 2.770e-32 2.370e-32 2.023e-32 1.726e-32 1.475e-32 1.264e-32 1.088e-32
 9.415e-33 8.187e-33 7.159e-33 6.296e-33 5.571e-33 4.958e-33 4.439e-33 3.997e-33
 3.619e-33 3.295e-33 3.017e-33 2.778e-33 2.573e-33 2.396e-33 2.246e-33 2.120e-33
 2.016e-33 1.934e-33 1.872e-33 1.831e-33 1.810e-33 1.810e-33 1.830e-33 1.869e-33
 1.927e-33 2.001e-33 2.090e-33 2.191e-33 2.302e-33 2.420e-33 2.541e-33 2.665e-33
 2.788e-33 2.908e-33 3.023e-33 3.131e-33 3.229e-33 3.314e-33 3.386e-33 3.442e-33
 3.482e-33 3.505e-33 3.512e-33 3.504e-33 3.483e-33 3.450e-33 3.407e-33 3.357e-33
 3.301e-33 3.240e-33 3.178e-33 3.115e-33 3.052e-33 2.990e-33 2.928e-33 2.869e-33
 2.810e-33 2.753e-33 2.697e-33 2.643e-33 2.589e-33 2.536e-33 2.484e-33 2.434e-33
 2.385e-33 2.337e-33 2.292e-33 2.249e-33 2.208e-33 2.170e-33 2.134e-33 2.099e-33
 2.065e-33 2.033e-33 2.002e-33 1.971e-33 1.942e-33 1.913e-33 1.886e-33 1.859e-33
 1.834e-33 1.811e-33 1.789e-33 1.768e-33 1.748e-33 1.729e-33 1.711e-33 1.693e-33
 1.675e-33 1.657e-33 1.639e-33 1.622e-33 1.605e-33 1.588e-33 1.573e-33 1.557e-33
 1.543e-33 1.529e-33 1.515e-33 1.502e-33 1.489e-33 1.476e-33 1.463e-33 1.450e-33
 1.438e-33 1.425e-33 1.412e-33 1.399e-33 1.387e-33 1.375e-33 1.363e-33 1.352e-33
 1.341e-33 1.331e-33 1.322e-33 1.312e-33 1.303e-33 1.295e-33 1.286e-33 1.278e-33
 1.270e-33 1.262e-33 1.255e-33 1.247e-33 1.240e-33 1.233e-33 1.225e-33 1.218e-33
 1.211e-33 1.205e-33 1.198e-33 1.191e-33 1.185e-33 1.179e-33 1.173e-33 1.166e-33
 1.160e-33 1.155e-33 1.149e-33 1.143e-33 1.137e-33 1.132e-33 1.127e-33 1.121e-33
Lz[Wm**3] for tau[ms]=   10.0
 3.295e-35 4.395e-35 5.932e-35 8.159e-35 1.137e-34 1.589e-34 2.208e-34 3.036e-34
 4.121e-34 5.511e-34 7.262e-34 9.428e-34 1.207e-33 1.525e-33 1.905e-33 2.358e-33
 2.904e-33 3.562e-33 4.353e-33 5.291e-33 6.382e-33 7.629e-33 9.035e-33 1.060e-32
 1.235e-32 1.428e-32 1.645e-32 1.891e-32 2.173e-32 2.498e-32 2.872e-32 3.291e-32
 3.737e-32 4.184e-32 4.598e-32 4.946e-32 5.198e-32 5.324e-32 5.296e-32 5.093e-32
 4.718e-32 4.201e-32 3.603e-32 2.991e-32 2.420e-32 1.923e-32 1.513e-32 1.185e-32
 9.288e-33 7.307e-33 5.783e-33 4.610e-33 3.706e-33 3.005e-33 2.460e-33 2.032e-33
 1.694e-33 1.425e-33 1.210e-33 1.036e-33 8.954e-34 7.804e-34 6.859e-34 6.082e-34
 5.440e-34 4.913e-34 4.482e-34 4.137e-34 3.872e-34 3.683e-34 3.569e-34 3.536e-34
 3.586e-34 3.724e-34 3.956e-34 4.282e-34 4.697e-34 5.192e-34 5.751e-34 6.356e-34
 6.988e-34 7.630e-34 8.271e-34 8.898e-34 9.498e-34 1.005e-33 1.053e-33 1.092e-33
 1.118e-33 1.131e-33 1.131e-33 1.118e-33 1.094e-33 1.061e-33 1.022e-33 9.796e-34
 9.348e-34 8.894e-34 8.446e-34 8.013e-34 7.599e-34 7.208e-34 6.842e-34 6.501e-34
 6.185e-34 5.893e-34 5.625e-34 5.378e-34 5.153e-34 4.946e-34 4.755e-34 4.580e-34
 4.417e-34 4.267e-34 4.126e-34 3.995e-34 3.871e-34 3.755e-34 3.644e-34 3.540e-34
 3.442e-34 3.350e-34 3.264e-34 3.184e-34 3.110e-34 3.041e-34 2.977e-34 2.917e-34
 2.860e-34 2.807e-34 2.756e-34 2.708e-34 2.663e-34 2.619e-34 2.579e-34 2.541e-34
 2.506e-34 2.473e-34 2.443e-34 2.416e-34 2.390e-34 2.366e-34 2.344e-34 2.322e-34
 2.301e-34 2.282e-34 2.263e-34 2.244e-34 2.227e-34 2.212e-34 2.197e-34 2.183e-34
 2.170e-34 2.159e-34 2.148e-34 2.139e-34 2.129e-34 2.121e-34 2.113e-34 2.106e-34
 2.099e-34 2.093e-34 2.087e-34 2.081e-34 2.077e-34 2.073e-34 2.070e-34 2.068e-34
 2.067e-34 2.067e-34 2.068e-34 2.070e-34 2.072e-34 2.075e-34 2.078e-34 2.082e-34
 2.086e-34 2.091e-34 2.096e-34 2.102e-34 2.108e-34 2.114e-34 2.122e-34 2.129e-34
 2.137e-34 2.145e-34 2.154e-34 2.163e-34 2.173e-34 2.183e-34 2.193e-34 2.204e-34
 2.216e-34 2.228e-34 2.240e-34 2.253e-34 2.266e-34 2.280e-34 2.294e-34 2.309e-34
Lz[Wm**3] for tau[ms]=  100.0
 3.088e-35 4.130e-35 5.643e-35 7.878e-35 1.111e-34 1.566e-34 2.189e-34 3.021e-34
 4.107e-34 5.499e-34 7.250e-34 9.412e-34 1.204e-33 1.521e-33 1.898e-33 2.351e-33
 2.897e-33 3.559e-33 4.357e-33 5.302e-33 6.398e-33 7.648e-33 9.056e-33 1.063e-32
 1.238e-32 1.433e-32 1.653e-32 1.904e-32 2.195e-32 2.534e-32 2.925e-32 3.359e-32
 3.816e-32 4.260e-32 4.657e-32 4.970e-32 5.166e-32 5.209e-32 5.068e-32 4.732e-32
 4.221e-32 3.598e-32 2.944e-32 2.330e-32 1.801e-32 1.372e-32 1.038e-32 7.847e-33
 5.949e-33 4.535e-33 3.482e-33 2.695e-33 2.104e-33 1.658e-33 1.318e-33 1.058e-33
 8.579e-34 7.020e-34 5.799e-34 4.838e-34 4.075e-34 3.468e-34 2.983e-34 2.595e-34
 2.286e-34 2.044e-34 1.860e-34 1.728e-34 1.648e-34 1.621e-34 1.648e-34 1.736e-34
 1.889e-34 2.111e-34 2.403e-34 2.759e-34 3.170e-34 3.621e-34 4.094e-34 4.575e-34
 5.055e-34 5.526e-34 5.978e-34 6.398e-34 6.763e-34 7.044e-34 7.218e-34 7.266e-34
 7.187e-34 6.994e-34 6.711e-34 6.364e-34 5.981e-34 5.583e-34 5.188e-34 4.806e-34
 4.446e-34 4.110e-34 3.801e-34 3.519e-34 3.263e-34 3.031e-34 2.822e-34 2.633e-34
 2.462e-34 2.309e-34 2.171e-34 2.046e-34 1.934e-34 1.832e-34 1.740e-34 1.656e-34
 1.579e-34 1.509e-34 1.444e-34 1.385e-34 1.329e-34 1.278e-34 1.231e-34 1.186e-34
 1.146e-34 1.108e-34 1.073e-34 1.041e-34 1.012e-34 9.848e-35 9.601e-35 9.373e-35
 9.164e-35 8.971e-35 8.794e-35 8.631e-35 8.481e-35 8.345e-35 8.222e-35 8.111e-35
 8.013e-35 7.926e-35 7.851e-35 7.787e-35 7.732e-35 7.685e-35 7.647e-35 7.616e-35
 7.592e-35 7.574e-35 7.563e-35 7.558e-35 7.559e-35 7.566e-35 7.578e-35 7.596e-35
 7.619e-35 7.648e-35 7.681e-35 7.720e-35 7.764e-35 7.813e-35 7.867e-35 7.926e-35
 7.990e-35 8.059e-35 8.132e-35 8.211e-35 8.295e-35 8.384e-35 8.478e-35 8.577e-35
 8.680e-35 8.789e-35 8.901e-35 9.017e-35 9.137e-35 9.260e-35 9.386e-35 9.516e-35
 9.648e-35 9.784e-35 9.923e-35 1.007e-34 1.021e-34 1.036e-34 1.052e-34 1.067e-34
 1.083e-34 1.100e-34 1.116e-34 1.134e-34 1.151e-34 1.169e-34 1.187e-34 1.206e-34
 1.225e-34 1.244e-34 1.264e-34 1.284e-34 1.305e-34 1.326e-34 1.347e-34 1.369e-34
Lz[Wm**3] for tau[ms]= 1000.0
 3.064e-35 4.100e-35 5.612e-35 7.848e-35 1.109e-34 1.564e-34 2.187e-34 3.019e-34
 4.106e-34 5.498e-34 7.248e-34 9.411e-34 1.204e-33 1.520e-33 1.898e-33 2.350e-33
 2.896e-33 3.559e-33 4.358e-33 5.303e-33 6.400e-33 7.650e-33 9.058e-33 1.063e-32
 1.238e-32 1.433e-32 1.654e-32 1.906e-32 2.198e-32 2.538e-32 2.931e-32 3.367e-32
 3.824e-32 4.269e-32 4.663e-32 4.972e-32 5.160e-32 5.192e-32 5.037e-32 4.684e-32
 4.158e-32 3.523e-32 2.864e-32 2.253e-32 1.731e-32 1.311e-32 9.870e-33 7.423e-33
 5.599e-33 4.248e-33 3.245e-33 2.500e-33 1.941e-33 1.521e-33 1.203e-33 9.602e-34
 7.736e-34 6.292e-34 5.166e-34 4.282e-34 3.585e-34 3.033e-34 2.594e-34 2.245e-34
 1.970e-34 1.757e-34 1.597e-34 1.487e-34 1.425e-34 1.414e-34 1.455e-34 1.555e-34
 1.718e-34 1.946e-34 2.241e-34 2.597e-34 3.003e-34 3.442e-34 3.899e-34 4.360e-34
 4.818e-34 5.265e-34 5.692e-34 6.083e-34 6.414e-34 6.657e-34 6.787e-34 6.790e-34
 6.669e-34 6.442e-34 6.133e-34 5.772e-34 5.384e-34 4.991e-34 4.606e-34 4.240e-34
 3.898e-34 3.583e-34 3.296e-34 3.035e-34 2.800e-34 2.589e-34 2.398e-34 2.228e-34
 2.075e-34 1.937e-34 1.814e-34 1.703e-34 1.603e-34 1.513e-34 1.431e-34 1.357e-34
 1.290e-34 1.228e-34 1.171e-34 1.119e-34 1.071e-34 1.027e-34 9.858e-35 9.479e-35
 9.130e-35 8.809e-35 8.514e-35 8.243e-35 7.996e-35 7.770e-35 7.564e-35 7.375e-35
 7.202e-35 7.044e-35 6.900e-35 6.769e-35 6.651e-35 6.545e-35 6.451e-35 6.368e-35
 6.295e-35 6.233e-35 6.181e-35 6.138e-35 6.103e-35 6.076e-35 6.057e-35 6.045e-35
 6.039e-35 6.040e-35 6.046e-35 6.059e-35 6.078e-35 6.101e-35 6.130e-35 6.164e-35
 6.202e-35 6.245e-35 6.293e-35 6.345e-35 6.402e-35 6.465e-35 6.532e-35 6.604e-35
 6.682e-35 6.764e-35 6.851e-35 6.944e-35 7.041e-35 7.142e-35 7.249e-35 7.359e-35
 7.474e-35 7.593e-35 7.716e-35 7.843e-35 7.972e-35 8.105e-35 8.241e-35 8.379e-35
 8.521e-35 8.665e-35 8.813e-35 8.965e-35 9.120e-35 9.278e-35 9.439e-35 9.605e-35
 9.773e-35 9.945e-35 1.012e-34 1.030e-34 1.048e-34 1.067e-34 1.086e-34 1.105e-34
 1.125e-34 1.145e-34 1.166e-34 1.187e-34 1.208e-34 1.230e-34 1.252e-34 1.274e-34
Lz[Wm**3] in equilibrium - infinite confinement
 3.062e-35 4.097e-35 5.609e-35 7.845e-35 1.108e-34 1.564e-34 2.187e-34 3.019e-34
 4.106e-34 5.498e-34 7.248e-34 9.411e-34 1.204e-33 1.520e-33 1.898e-33 2.350e-33
 2.896e-33 3.559e-33 4.358e-33 5.303e-33 6.400e-33 7.650e-33 9.058e-33 1.063e-32
 1.238e-32 1.433e-32 1.654e-32 1.906e-32 2.198e-32 2.539e-32 2.932e-32 3.368e-32
 3.825e-32 4.270e-32 4.664e-32 4.972e-32 5.159e-32 5.190e-32 5.034e-32 4.678e-32
 4.150e-32 3.515e-32 2.855e-32 2.244e-32 1.723e-32 1.305e-32 9.813e-33 7.375e-33
 5.560e-33 4.216e-33 3.219e-33 2.478e-33 1.923e-33 1.506e-33 1.190e-33 9.493e-34
 7.643e-34 6.211e-34 5.095e-34 4.221e-34 3.531e-34 2.985e-34 2.551e-34 2.206e-34
 1.935e-34 1.725e-34 1.568e-34 1.460e-34 1.401e-34 1.391e-34 1.434e-34 1.535e-34
 1.699e-34 1.928e-34 2.223e-34 2.579e-34 2.984e-34 3.422e-34 3.877e-34 4.336e-34
 4.791e-34 5.235e-34 5.659e-34 6.047e-34 6.374e-34 6.612e-34 6.737e-34 6.735e-34
 6.610e-34 6.378e-34 6.067e-34 5.704e-34 5.317e-34 4.924e-34 4.541e-34 4.176e-34
 3.837e-34 3.524e-34 3.239e-34 2.981e-34 2.748e-34 2.539e-34 2.351e-34 2.182e-34
 2.031e-34 1.896e-34 1.774e-34 1.664e-34 1.566e-34 1.477e-34 1.397e-34 1.324e-34
 1.257e-34 1.197e-34 1.141e-34 1.090e-34 1.042e-34 9.989e-35 9.586e-35 9.214e-35
 8.871e-35 8.556e-35 8.267e-35 8.002e-35 7.760e-35 7.539e-35 7.337e-35 7.152e-35
 6.984e-35 6.830e-35 6.690e-35 6.563e-35 6.448e-35 6.345e-35 6.254e-35 6.174e-35
 6.104e-35 6.045e-35 5.995e-35 5.954e-35 5.922e-35 5.897e-35 5.880e-35 5.870e-35
 5.866e-35 5.869e-35 5.878e-35 5.893e-35 5.913e-35 5.938e-35 5.969e-35 6.004e-35
 6.044e-35 6.089e-35 6.138e-35 6.192e-35 6.251e-35 6.315e-35 6.384e-35 6.457e-35
 6.536e-35 6.620e-35 6.709e-35 6.803e-35 6.901e-35 7.004e-35 7.112e-35 7.224e-35
 7.340e-35 7.460e-35 7.584e-35 7.712e-35 7.843e-35 7.977e-35 8.113e-35 8.253e-35
 8.396e-35 8.541e-35 8.690e-35 8.843e-35 8.998e-35 9.157e-35 9.320e-35 9.485e-35
 9.655e-35 9.828e-35 1.000e-34 1.018e-34 1.037e-34 1.055e-34 1.075e-34 1.094e-34
 1.114e-34 1.134e-34 1.155e-34 1.176e-34 1.197e-34 1.219e-34 1.241e-34 1.264e-34
C-------------------------------------------------------------------------------
C
C  The fractional abundance and radiated power were generated from the
C  ADAS installation at UKAEA with the named adf11 files. The adf11 data
C  files may be updated in a later release of ADAS and publicly
C  available versions may be found at https://open.adas.ac.uk/.
C
C  The equilibrium balance data was produced with run_adas405.py and
C  the balance with a confinement time with adas4xx_ionbal_tau.py
C  which are functions from the ADAS library. Details on these codes
C  may be found at: https://www.adas.ac.uk/python_lib/index.html
C
C  Copyright (C) 2023 UK Atomic Energy Authority
C
C  This file was generated for use in the UKAEA systems code PROCESS
C  using a script written by Martin O'Mullane.
C  If acquired without provenance a user is strongly advised
C  to check its validity by re-generating using the adf11 files from
C  the OPEN-ADAS site.
C
C  Produced by : Timothy Nunn
C  Date        : 24-05-23
C
C-------------------------------------------------------------------------------
