Mean quadratic charge as a function dwell time.
Temperature :      1.0 -  40000.0 eV
Density     : 1.00e+20 m-3
   200     5  # Te values, dwell time

Source data:
acd : /home/adas/adas/adf11/acd85/acd85_fe.dat
scd : /home/adas/adas/adf11/scd85/scd85_fe.dat
plt : /home/adas/adas/adf11/plt89/plt89_fe.dat
prb : /home/adas/adas/adf11/prb89/prb89_fe.dat

Te[eV]
 1.000e+00 1.055e+00 1.112e+00 1.173e+00 1.237e+00 1.305e+00 1.376e+00 1.452e+00
 1.531e+00 1.615e+00 1.703e+00 1.796e+00 1.895e+00 1.998e+00 2.107e+00 2.223e+00
 2.344e+00 2.473e+00 2.608e+00 2.750e+00 2.901e+00 3.059e+00 3.227e+00 3.403e+00
 3.589e+00 3.786e+00 3.993e+00 4.211e+00 4.441e+00 4.684e+00 4.941e+00 5.211e+00
 5.496e+00 5.796e+00 6.113e+00 6.448e+00 6.800e+00 7.172e+00 7.565e+00 7.978e+00
 8.415e+00 8.875e+00 9.360e+00 9.872e+00 1.041e+01 1.098e+01 1.158e+01 1.222e+01
 1.288e+01 1.359e+01 1.433e+01 1.512e+01 1.594e+01 1.681e+01 1.773e+01 1.870e+01
 1.973e+01 2.081e+01 2.194e+01 2.314e+01 2.441e+01 2.574e+01 2.715e+01 2.864e+01
 3.020e+01 3.186e+01 3.360e+01 3.544e+01 3.737e+01 3.942e+01 4.157e+01 4.385e+01
 4.625e+01 4.877e+01 5.144e+01 5.426e+01 5.722e+01 6.035e+01 6.365e+01 6.713e+01
 7.081e+01 7.468e+01 7.876e+01 8.307e+01 8.761e+01 9.241e+01 9.746e+01 1.028e+02
 1.084e+02 1.143e+02 1.206e+02 1.272e+02 1.341e+02 1.415e+02 1.492e+02 1.574e+02
 1.660e+02 1.751e+02 1.846e+02 1.947e+02 2.054e+02 2.166e+02 2.285e+02 2.410e+02
 2.542e+02 2.681e+02 2.827e+02 2.982e+02 3.145e+02 3.317e+02 3.498e+02 3.690e+02
 3.891e+02 4.104e+02 4.329e+02 4.565e+02 4.815e+02 5.078e+02 5.356e+02 5.649e+02
 5.958e+02 6.284e+02 6.628e+02 6.990e+02 7.373e+02 7.776e+02 8.201e+02 8.650e+02
 9.123e+02 9.622e+02 1.015e+03 1.070e+03 1.129e+03 1.191e+03 1.256e+03 1.324e+03
 1.397e+03 1.473e+03 1.554e+03 1.639e+03 1.728e+03 1.823e+03 1.923e+03 2.028e+03
 2.139e+03 2.256e+03 2.379e+03 2.509e+03 2.646e+03 2.791e+03 2.944e+03 3.105e+03
 3.274e+03 3.454e+03 3.642e+03 3.842e+03 4.052e+03 4.273e+03 4.507e+03 4.754e+03
 5.014e+03 5.288e+03 5.577e+03 5.882e+03 6.204e+03 6.543e+03 6.901e+03 7.278e+03
 7.676e+03 8.096e+03 8.539e+03 9.006e+03 9.499e+03 1.002e+04 1.057e+04 1.114e+04
 1.175e+04 1.240e+04 1.307e+04 1.379e+04 1.454e+04 1.534e+04 1.618e+04 1.706e+04
 1.800e+04 1.898e+04 2.002e+04 2.111e+04 2.227e+04 2.349e+04 2.477e+04 2.612e+04
 2.755e+04 2.906e+04 3.065e+04 3.233e+04 3.409e+04 3.596e+04 3.793e+04 4.000e+04
sqrt(<Z^2>) for tau[ms]=    0.1
 2.678e-01 3.235e-01 3.851e-01 4.502e-01 5.153e-01 5.765e-01 6.301e-01 6.752e-01
 7.147e-01 7.521e-01 7.909e-01 8.339e-01 8.813e-01 9.337e-01 9.927e-01 1.059e+00
 1.132e+00 1.210e+00 1.292e+00 1.376e+00 1.460e+00 1.542e+00 1.618e+00 1.688e+00
 1.753e+00 1.816e+00 1.880e+00 1.946e+00 2.018e+00 2.097e+00 2.182e+00 2.271e+00
 2.361e+00 2.451e+00 2.537e+00 2.621e+00 2.703e+00 2.785e+00 2.869e+00 2.958e+00
 3.052e+00 3.153e+00 3.258e+00 3.366e+00 3.477e+00 3.587e+00 3.698e+00 3.808e+00
 3.918e+00 4.025e+00 4.131e+00 4.233e+00 4.332e+00 4.427e+00 4.518e+00 4.607e+00
 4.693e+00 4.779e+00 4.865e+00 4.952e+00 5.040e+00 5.130e+00 5.221e+00 5.315e+00
 5.412e+00 5.510e+00 5.611e+00 5.714e+00 5.819e+00 5.927e+00 6.037e+00 6.149e+00
 6.263e+00 6.379e+00 6.498e+00 6.620e+00 6.746e+00 6.875e+00 7.010e+00 7.150e+00
 7.296e+00 7.449e+00 7.608e+00 7.773e+00 7.944e+00 8.120e+00 8.300e+00 8.483e+00
 8.669e+00 8.857e+00 9.047e+00 9.237e+00 9.429e+00 9.621e+00 9.815e+00 1.001e+01
 1.021e+01 1.040e+01 1.060e+01 1.080e+01 1.099e+01 1.118e+01 1.137e+01 1.156e+01
 1.174e+01 1.192e+01 1.208e+01 1.224e+01 1.240e+01 1.254e+01 1.268e+01 1.281e+01
 1.293e+01 1.305e+01 1.316e+01 1.326e+01 1.336e+01 1.345e+01 1.354e+01 1.363e+01
 1.371e+01 1.379e+01 1.387e+01 1.394e+01 1.401e+01 1.408e+01 1.414e+01 1.420e+01
 1.427e+01 1.432e+01 1.438e+01 1.444e+01 1.449e+01 1.454e+01 1.459e+01 1.464e+01
 1.468e+01 1.472e+01 1.477e+01 1.480e+01 1.484e+01 1.487e+01 1.491e+01 1.494e+01
 1.496e+01 1.499e+01 1.501e+01 1.503e+01 1.504e+01 1.506e+01 1.507e+01 1.508e+01
 1.509e+01 1.510e+01 1.510e+01 1.510e+01 1.510e+01 1.510e+01 1.510e+01 1.509e+01
 1.508e+01 1.507e+01 1.506e+01 1.505e+01 1.503e+01 1.501e+01 1.499e+01 1.497e+01
 1.494e+01 1.492e+01 1.489e+01 1.486e+01 1.483e+01 1.480e+01 1.476e+01 1.473e+01
 1.469e+01 1.466e+01 1.462e+01 1.458e+01 1.454e+01 1.449e+01 1.445e+01 1.440e+01
 1.436e+01 1.431e+01 1.426e+01 1.421e+01 1.416e+01 1.411e+01 1.405e+01 1.400e+01
 1.394e+01 1.389e+01 1.383e+01 1.377e+01 1.371e+01 1.365e+01 1.359e+01 1.353e+01
sqrt(<Z^2>) for tau[ms]=    1.0
 3.969e-01 4.571e-01 5.201e-01 5.834e-01 6.440e-01 6.992e-01 7.478e-01 7.908e-01
 8.330e-01 8.797e-01 9.376e-01 1.015e+00 1.116e+00 1.238e+00 1.371e+00 1.498e+00
 1.605e+00 1.693e+00 1.764e+00 1.825e+00 1.881e+00 1.938e+00 2.002e+00 2.078e+00
 2.169e+00 2.272e+00 2.382e+00 2.489e+00 2.589e+00 2.676e+00 2.753e+00 2.822e+00
 2.889e+00 2.959e+00 3.036e+00 3.123e+00 3.219e+00 3.323e+00 3.433e+00 3.547e+00
 3.664e+00 3.781e+00 3.899e+00 4.016e+00 4.130e+00 4.240e+00 4.344e+00 4.442e+00
 4.534e+00 4.621e+00 4.702e+00 4.780e+00 4.856e+00 4.931e+00 5.008e+00 5.085e+00
 5.166e+00 5.249e+00 5.336e+00 5.426e+00 5.520e+00 5.617e+00 5.718e+00 5.822e+00
 5.928e+00 6.036e+00 6.147e+00 6.259e+00 6.374e+00 6.491e+00 6.611e+00 6.735e+00
 6.863e+00 6.997e+00 7.138e+00 7.290e+00 7.454e+00 7.633e+00 7.829e+00 8.043e+00
 8.276e+00 8.527e+00 8.791e+00 9.065e+00 9.345e+00 9.629e+00 9.914e+00 1.020e+01
 1.049e+01 1.078e+01 1.108e+01 1.141e+01 1.176e+01 1.214e+01 1.254e+01 1.295e+01
 1.334e+01 1.369e+01 1.401e+01 1.427e+01 1.450e+01 1.469e+01 1.485e+01 1.499e+01
 1.511e+01 1.522e+01 1.532e+01 1.541e+01 1.551e+01 1.560e+01 1.569e+01 1.579e+01
 1.589e+01 1.599e+01 1.610e+01 1.622e+01 1.634e+01 1.647e+01 1.661e+01 1.675e+01
 1.690e+01 1.705e+01 1.720e+01 1.736e+01 1.752e+01 1.768e+01 1.785e+01 1.801e+01
 1.818e+01 1.834e+01 1.851e+01 1.867e+01 1.883e+01 1.898e+01 1.913e+01 1.927e+01
 1.941e+01 1.954e+01 1.966e+01 1.978e+01 1.989e+01 1.999e+01 2.009e+01 2.018e+01
 2.027e+01 2.035e+01 2.043e+01 2.050e+01 2.056e+01 2.063e+01 2.068e+01 2.074e+01
 2.079e+01 2.083e+01 2.087e+01 2.091e+01 2.095e+01 2.098e+01 2.101e+01 2.104e+01
 2.107e+01 2.109e+01 2.111e+01 2.113e+01 2.115e+01 2.116e+01 2.117e+01 2.118e+01
 2.119e+01 2.120e+01 2.121e+01 2.121e+01 2.121e+01 2.121e+01 2.121e+01 2.121e+01
 2.121e+01 2.120e+01 2.119e+01 2.118e+01 2.118e+01 2.116e+01 2.115e+01 2.114e+01
 2.112e+01 2.111e+01 2.109e+01 2.107e+01 2.105e+01 2.103e+01 2.101e+01 2.099e+01
 2.096e+01 2.094e+01 2.091e+01 2.089e+01 2.086e+01 2.083e+01 2.080e+01 2.077e+01
sqrt(<Z^2>) for tau[ms]=   10.0
 4.230e-01 4.819e-01 5.437e-01 6.063e-01 6.675e-01 7.263e-01 7.830e-01 8.408e-01
 9.063e-01 9.871e-01 1.091e+00 1.223e+00 1.374e+00 1.523e+00 1.649e+00 1.744e+00
 1.813e+00 1.866e+00 1.916e+00 1.972e+00 2.047e+00 2.145e+00 2.267e+00 2.399e+00
 2.526e+00 2.635e+00 2.723e+00 2.793e+00 2.849e+00 2.901e+00 2.953e+00 3.012e+00
 3.081e+00 3.160e+00 3.249e+00 3.345e+00 3.448e+00 3.555e+00 3.667e+00 3.782e+00
 3.897e+00 4.012e+00 4.124e+00 4.230e+00 4.330e+00 4.424e+00 4.512e+00 4.595e+00
 4.672e+00 4.745e+00 4.816e+00 4.885e+00 4.954e+00 5.024e+00 5.096e+00 5.171e+00
 5.250e+00 5.332e+00 5.418e+00 5.508e+00 5.603e+00 5.701e+00 5.802e+00 5.906e+00
 6.012e+00 6.121e+00 6.231e+00 6.344e+00 6.459e+00 6.577e+00 6.697e+00 6.822e+00
 6.952e+00 7.089e+00 7.236e+00 7.395e+00 7.568e+00 7.761e+00 7.974e+00 8.210e+00
 8.468e+00 8.746e+00 9.039e+00 9.342e+00 9.650e+00 9.960e+00 1.027e+01 1.058e+01
 1.090e+01 1.124e+01 1.162e+01 1.206e+01 1.260e+01 1.322e+01 1.385e+01 1.441e+01
 1.484e+01 1.514e+01 1.536e+01 1.551e+01 1.562e+01 1.571e+01 1.578e+01 1.584e+01
 1.590e+01 1.596e+01 1.603e+01 1.610e+01 1.618e+01 1.628e+01 1.638e+01 1.650e+01
 1.663e+01 1.678e+01 1.694e+01 1.711e+01 1.730e+01 1.750e+01 1.770e+01 1.792e+01
 1.815e+01 1.838e+01 1.863e+01 1.890e+01 1.919e+01 1.950e+01 1.982e+01 2.016e+01
 2.050e+01 2.083e+01 2.114e+01 2.142e+01 2.168e+01 2.190e+01 2.210e+01 2.227e+01
 2.242e+01 2.255e+01 2.267e+01 2.277e+01 2.285e+01 2.293e+01 2.300e+01 2.306e+01
 2.312e+01 2.317e+01 2.321e+01 2.325e+01 2.329e+01 2.333e+01 2.336e+01 2.340e+01
 2.343e+01 2.346e+01 2.349e+01 2.352e+01 2.355e+01 2.359e+01 2.362e+01 2.365e+01
 2.368e+01 2.372e+01 2.375e+01 2.379e+01 2.382e+01 2.386e+01 2.390e+01 2.393e+01
 2.397e+01 2.401e+01 2.404e+01 2.408e+01 2.412e+01 2.415e+01 2.418e+01 2.422e+01
 2.425e+01 2.428e+01 2.431e+01 2.433e+01 2.436e+01 2.439e+01 2.441e+01 2.443e+01
 2.445e+01 2.447e+01 2.449e+01 2.450e+01 2.452e+01 2.453e+01 2.454e+01 2.455e+01
 2.456e+01 2.457e+01 2.458e+01 2.458e+01 2.459e+01 2.459e+01 2.460e+01 2.460e+01
sqrt(<Z^2>) for tau[ms]=  100.0
 4.259e-01 4.847e-01 5.463e-01 6.091e-01 6.711e-01 7.315e-01 7.916e-01 8.551e-01
 9.294e-01 1.022e+00 1.139e+00 1.283e+00 1.438e+00 1.583e+00 1.699e+00 1.783e+00
 1.842e+00 1.891e+00 1.942e+00 2.006e+00 2.097e+00 2.218e+00 2.359e+00 2.499e+00
 2.620e+00 2.715e+00 2.787e+00 2.843e+00 2.890e+00 2.936e+00 2.987e+00 3.048e+00
 3.119e+00 3.200e+00 3.289e+00 3.385e+00 3.487e+00 3.595e+00 3.706e+00 3.820e+00
 3.934e+00 4.047e+00 4.156e+00 4.260e+00 4.357e+00 4.448e+00 4.533e+00 4.613e+00
 4.688e+00 4.759e+00 4.829e+00 4.897e+00 4.965e+00 5.034e+00 5.106e+00 5.181e+00
 5.259e+00 5.341e+00 5.427e+00 5.518e+00 5.612e+00 5.710e+00 5.811e+00 5.915e+00
 6.021e+00 6.130e+00 6.240e+00 6.353e+00 6.468e+00 6.586e+00 6.706e+00 6.831e+00
 6.961e+00 7.099e+00 7.246e+00 7.406e+00 7.581e+00 7.775e+00 7.990e+00 8.228e+00
 8.489e+00 8.771e+00 9.067e+00 9.373e+00 9.685e+00 9.998e+00 1.031e+01 1.063e+01
 1.095e+01 1.130e+01 1.169e+01 1.217e+01 1.276e+01 1.345e+01 1.412e+01 1.469e+01
 1.510e+01 1.538e+01 1.556e+01 1.568e+01 1.577e+01 1.583e+01 1.589e+01 1.594e+01
 1.600e+01 1.605e+01 1.612e+01 1.619e+01 1.627e+01 1.637e+01 1.648e+01 1.660e+01
 1.674e+01 1.690e+01 1.707e+01 1.725e+01 1.745e+01 1.766e+01 1.789e+01 1.812e+01
 1.836e+01 1.862e+01 1.890e+01 1.920e+01 1.954e+01 1.991e+01 2.031e+01 2.073e+01
 2.114e+01 2.154e+01 2.190e+01 2.221e+01 2.248e+01 2.270e+01 2.288e+01 2.303e+01
 2.315e+01 2.326e+01 2.334e+01 2.341e+01 2.348e+01 2.353e+01 2.357e+01 2.361e+01
 2.365e+01 2.368e+01 2.371e+01 2.374e+01 2.377e+01 2.380e+01 2.382e+01 2.385e+01
 2.388e+01 2.391e+01 2.394e+01 2.397e+01 2.400e+01 2.404e+01 2.408e+01 2.412e+01
 2.417e+01 2.421e+01 2.426e+01 2.432e+01 2.437e+01 2.443e+01 2.449e+01 2.455e+01
 2.461e+01 2.467e+01 2.473e+01 2.479e+01 2.485e+01 2.491e+01 2.497e+01 2.502e+01
 2.507e+01 2.512e+01 2.516e+01 2.521e+01 2.525e+01 2.529e+01 2.533e+01 2.536e+01
 2.539e+01 2.542e+01 2.545e+01 2.548e+01 2.550e+01 2.552e+01 2.554e+01 2.556e+01
 2.558e+01 2.560e+01 2.561e+01 2.563e+01 2.564e+01 2.565e+01 2.566e+01 2.567e+01
sqrt(<Z^2>) for tau[ms]= 1000.0
 4.262e-01 4.850e-01 5.466e-01 6.094e-01 6.714e-01 7.322e-01 7.927e-01 8.569e-01
 9.323e-01 1.026e+00 1.145e+00 1.290e+00 1.446e+00 1.590e+00 1.704e+00 1.787e+00
 1.846e+00 1.894e+00 1.945e+00 2.010e+00 2.104e+00 2.227e+00 2.370e+00 2.511e+00
 2.631e+00 2.724e+00 2.794e+00 2.848e+00 2.895e+00 2.940e+00 2.991e+00 3.052e+00
 3.123e+00 3.204e+00 3.294e+00 3.390e+00 3.492e+00 3.599e+00 3.710e+00 3.824e+00
 3.938e+00 4.051e+00 4.160e+00 4.263e+00 4.360e+00 4.450e+00 4.535e+00 4.615e+00
 4.689e+00 4.761e+00 4.830e+00 4.898e+00 4.966e+00 5.036e+00 5.107e+00 5.182e+00
 5.260e+00 5.342e+00 5.428e+00 5.518e+00 5.613e+00 5.711e+00 5.812e+00 5.916e+00
 6.022e+00 6.131e+00 6.241e+00 6.354e+00 6.469e+00 6.587e+00 6.707e+00 6.832e+00
 6.962e+00 7.100e+00 7.247e+00 7.407e+00 7.582e+00 7.776e+00 7.991e+00 8.230e+00
 8.491e+00 8.773e+00 9.070e+00 9.377e+00 9.688e+00 1.000e+01 1.032e+01 1.063e+01
 1.095e+01 1.130e+01 1.170e+01 1.218e+01 1.278e+01 1.347e+01 1.416e+01 1.472e+01
 1.513e+01 1.540e+01 1.558e+01 1.570e+01 1.578e+01 1.585e+01 1.590e+01 1.595e+01
 1.601e+01 1.606e+01 1.612e+01 1.620e+01 1.628e+01 1.638e+01 1.649e+01 1.661e+01
 1.675e+01 1.691e+01 1.708e+01 1.727e+01 1.747e+01 1.768e+01 1.790e+01 1.814e+01
 1.838e+01 1.865e+01 1.893e+01 1.924e+01 1.958e+01 1.996e+01 2.037e+01 2.080e+01
 2.123e+01 2.163e+01 2.200e+01 2.231e+01 2.258e+01 2.280e+01 2.297e+01 2.312e+01
 2.324e+01 2.334e+01 2.342e+01 2.349e+01 2.355e+01 2.359e+01 2.364e+01 2.367e+01
 2.371e+01 2.374e+01 2.377e+01 2.380e+01 2.382e+01 2.385e+01 2.387e+01 2.390e+01
 2.393e+01 2.396e+01 2.399e+01 2.402e+01 2.406e+01 2.409e+01 2.413e+01 2.418e+01
 2.422e+01 2.427e+01 2.433e+01 2.438e+01 2.444e+01 2.450e+01 2.457e+01 2.463e+01
 2.470e+01 2.476e+01 2.483e+01 2.489e+01 2.496e+01 2.502e+01 2.508e+01 2.513e+01
 2.519e+01 2.524e+01 2.529e+01 2.533e+01 2.538e+01 2.542e+01 2.546e+01 2.549e+01
 2.553e+01 2.556e+01 2.559e+01 2.561e+01 2.564e+01 2.566e+01 2.568e+01 2.570e+01
 2.572e+01 2.574e+01 2.575e+01 2.577e+01 2.578e+01 2.579e+01 2.580e+01 2.582e+01
sqrt(<Z^2>) in equilibrium - infinite confinement
 4.263e-01 4.850e-01 5.467e-01 6.094e-01 6.715e-01 7.322e-01 7.928e-01 8.571e-01
 9.326e-01 1.027e+00 1.146e+00 1.291e+00 1.447e+00 1.590e+00 1.705e+00 1.787e+00
 1.846e+00 1.894e+00 1.945e+00 2.011e+00 2.104e+00 2.228e+00 2.372e+00 2.513e+00
 2.632e+00 2.725e+00 2.795e+00 2.849e+00 2.895e+00 2.941e+00 2.992e+00 3.052e+00
 3.123e+00 3.205e+00 3.294e+00 3.390e+00 3.492e+00 3.599e+00 3.711e+00 3.825e+00
 3.939e+00 4.051e+00 4.160e+00 4.263e+00 4.360e+00 4.451e+00 4.535e+00 4.615e+00
 4.690e+00 4.761e+00 4.830e+00 4.898e+00 4.966e+00 5.036e+00 5.107e+00 5.182e+00
 5.260e+00 5.342e+00 5.428e+00 5.519e+00 5.613e+00 5.711e+00 5.812e+00 5.916e+00
 6.022e+00 6.131e+00 6.241e+00 6.354e+00 6.469e+00 6.587e+00 6.707e+00 6.832e+00
 6.963e+00 7.100e+00 7.247e+00 7.407e+00 7.582e+00 7.776e+00 7.992e+00 8.230e+00
 8.492e+00 8.773e+00 9.070e+00 9.377e+00 9.689e+00 1.000e+01 1.032e+01 1.063e+01
 1.096e+01 1.130e+01 1.170e+01 1.218e+01 1.278e+01 1.348e+01 1.416e+01 1.472e+01
 1.513e+01 1.540e+01 1.558e+01 1.570e+01 1.578e+01 1.585e+01 1.590e+01 1.595e+01
 1.601e+01 1.606e+01 1.613e+01 1.620e+01 1.628e+01 1.638e+01 1.649e+01 1.661e+01
 1.675e+01 1.691e+01 1.708e+01 1.727e+01 1.747e+01 1.768e+01 1.791e+01 1.814e+01
 1.839e+01 1.865e+01 1.893e+01 1.924e+01 1.958e+01 1.996e+01 2.037e+01 2.081e+01
 2.124e+01 2.164e+01 2.201e+01 2.233e+01 2.259e+01 2.281e+01 2.298e+01 2.313e+01
 2.325e+01 2.335e+01 2.343e+01 2.350e+01 2.355e+01 2.360e+01 2.364e+01 2.368e+01
 2.372e+01 2.375e+01 2.377e+01 2.380e+01 2.383e+01 2.385e+01 2.388e+01 2.391e+01
 2.393e+01 2.396e+01 2.399e+01 2.403e+01 2.406e+01 2.410e+01 2.414e+01 2.418e+01
 2.423e+01 2.428e+01 2.433e+01 2.439e+01 2.445e+01 2.451e+01 2.458e+01 2.464e+01
 2.471e+01 2.477e+01 2.484e+01 2.490e+01 2.497e+01 2.503e+01 2.509e+01 2.515e+01
 2.520e+01 2.525e+01 2.530e+01 2.535e+01 2.539e+01 2.543e+01 2.547e+01 2.551e+01
 2.554e+01 2.557e+01 2.560e+01 2.563e+01 2.565e+01 2.568e+01 2.570e+01 2.572e+01
 2.574e+01 2.575e+01 2.577e+01 2.578e+01 2.580e+01 2.581e+01 2.582e+01 2.583e+01
C-------------------------------------------------------------------------------
C
C  The fractional abundance and radiated power were generated from the
C  ADAS installation at UKAEA with the named adf11 files. The adf11 data
C  files may be updated in a later release of ADAS and publicly
C  available versions may be found at https://open.adas.ac.uk/.
C
C  The equilibrium balance data was produced with run_adas405.py and
C  the balance with a confinement time with adas4xx_ionbal_tau.py
C  which are functions from the ADAS library. Details on these codes
C  may be found at: https://www.adas.ac.uk/python_lib/index.html
C
C  Copyright (C) 2023 UK Atomic Energy Authority
C
C  This file was generated for use in the UKAEA systems code PROCESS
C  using a script written by Martin O'Mullane.
C  If acquired without provenance a user is strongly advised
C  to check its validity by re-generating using the adf11 files from
C  the OPEN-ADAS site.
C
C  Produced by : Timothy Nunn
C  Date        : 24-05-23
C
C-------------------------------------------------------------------------------
