Mean quadratic charge as a function dwell time.
Temperature :      1.0 -  40000.0 eV
Density     : 1.00e+20 m-3
   200     5  # Te values, dwell time

Source data:
acd : /home/adas/adas/adf11/acd12/acd12_h.dat
scd : /home/adas/adas/adf11/scd12/scd12_h.dat
plt : /home/adas/adas/adf11/plt12/plt12_h.dat
prb : /home/adas/adas/adf11/prb12/prb12_h.dat

Te[eV]
 1.000e+00 1.055e+00 1.112e+00 1.173e+00 1.237e+00 1.305e+00 1.376e+00 1.452e+00
 1.531e+00 1.615e+00 1.703e+00 1.796e+00 1.895e+00 1.998e+00 2.107e+00 2.223e+00
 2.344e+00 2.473e+00 2.608e+00 2.750e+00 2.901e+00 3.059e+00 3.227e+00 3.403e+00
 3.589e+00 3.786e+00 3.993e+00 4.211e+00 4.441e+00 4.684e+00 4.941e+00 5.211e+00
 5.496e+00 5.796e+00 6.113e+00 6.448e+00 6.800e+00 7.172e+00 7.565e+00 7.978e+00
 8.415e+00 8.875e+00 9.360e+00 9.872e+00 1.041e+01 1.098e+01 1.158e+01 1.222e+01
 1.288e+01 1.359e+01 1.433e+01 1.512e+01 1.594e+01 1.681e+01 1.773e+01 1.870e+01
 1.973e+01 2.081e+01 2.194e+01 2.314e+01 2.441e+01 2.574e+01 2.715e+01 2.864e+01
 3.020e+01 3.186e+01 3.360e+01 3.544e+01 3.737e+01 3.942e+01 4.157e+01 4.385e+01
 4.625e+01 4.877e+01 5.144e+01 5.426e+01 5.722e+01 6.035e+01 6.365e+01 6.713e+01
 7.081e+01 7.468e+01 7.876e+01 8.307e+01 8.761e+01 9.241e+01 9.746e+01 1.028e+02
 1.084e+02 1.143e+02 1.206e+02 1.272e+02 1.341e+02 1.415e+02 1.492e+02 1.574e+02
 1.660e+02 1.751e+02 1.846e+02 1.947e+02 2.054e+02 2.166e+02 2.285e+02 2.410e+02
 2.542e+02 2.681e+02 2.827e+02 2.982e+02 3.145e+02 3.317e+02 3.498e+02 3.690e+02
 3.891e+02 4.104e+02 4.329e+02 4.565e+02 4.815e+02 5.078e+02 5.356e+02 5.649e+02
 5.958e+02 6.284e+02 6.628e+02 6.990e+02 7.373e+02 7.776e+02 8.201e+02 8.650e+02
 9.123e+02 9.622e+02 1.015e+03 1.070e+03 1.129e+03 1.191e+03 1.256e+03 1.324e+03
 1.397e+03 1.473e+03 1.554e+03 1.639e+03 1.728e+03 1.823e+03 1.923e+03 2.028e+03
 2.139e+03 2.256e+03 2.379e+03 2.509e+03 2.646e+03 2.791e+03 2.944e+03 3.105e+03
 3.274e+03 3.454e+03 3.642e+03 3.842e+03 4.052e+03 4.273e+03 4.507e+03 4.754e+03
 5.014e+03 5.288e+03 5.577e+03 5.882e+03 6.204e+03 6.543e+03 6.901e+03 7.278e+03
 7.676e+03 8.096e+03 8.539e+03 9.006e+03 9.499e+03 1.002e+04 1.057e+04 1.114e+04
 1.175e+04 1.240e+04 1.307e+04 1.379e+04 1.454e+04 1.534e+04 1.618e+04 1.706e+04
 1.800e+04 1.898e+04 2.002e+04 2.111e+04 2.227e+04 2.349e+04 2.477e+04 2.612e+04
 2.755e+04 2.906e+04 3.065e+04 3.233e+04 3.409e+04 3.596e+04 3.793e+04 4.000e+04
sqrt(<Z^2>) for tau[ms]=    0.1
 2.692e-02 3.740e-02 5.109e-02 6.867e-02 9.084e-02 1.183e-01 1.518e-01 1.918e-01
 2.386e-01 2.921e-01 3.515e-01 4.156e-01 4.823e-01 5.492e-01 6.138e-01 6.738e-01
 7.278e-01 7.748e-01 8.148e-01 8.481e-01 8.755e-01 8.979e-01 9.159e-01 9.305e-01
 9.423e-01 9.518e-01 9.595e-01 9.657e-01 9.708e-01 9.750e-01 9.785e-01 9.813e-01
 9.837e-01 9.857e-01 9.874e-01 9.888e-01 9.900e-01 9.911e-01 9.920e-01 9.927e-01
 9.934e-01 9.940e-01 9.945e-01 9.949e-01 9.953e-01 9.957e-01 9.960e-01 9.963e-01
 9.965e-01 9.967e-01 9.969e-01 9.971e-01 9.973e-01 9.974e-01 9.975e-01 9.977e-01
 9.978e-01 9.979e-01 9.979e-01 9.980e-01 9.981e-01 9.982e-01 9.982e-01 9.983e-01
 9.983e-01 9.984e-01 9.984e-01 9.985e-01 9.985e-01 9.985e-01 9.986e-01 9.986e-01
 9.986e-01 9.987e-01 9.987e-01 9.987e-01 9.987e-01 9.987e-01 9.988e-01 9.988e-01
 9.988e-01 9.988e-01 9.988e-01 9.988e-01 9.988e-01 9.988e-01 9.988e-01 9.988e-01
 9.988e-01 9.988e-01 9.988e-01 9.988e-01 9.988e-01 9.988e-01 9.988e-01 9.988e-01
 9.988e-01 9.988e-01 9.988e-01 9.988e-01 9.988e-01 9.988e-01 9.988e-01 9.988e-01
 9.988e-01 9.987e-01 9.987e-01 9.987e-01 9.987e-01 9.987e-01 9.987e-01 9.987e-01
 9.986e-01 9.986e-01 9.986e-01 9.986e-01 9.986e-01 9.986e-01 9.985e-01 9.985e-01
 9.985e-01 9.985e-01 9.985e-01 9.984e-01 9.984e-01 9.984e-01 9.984e-01 9.983e-01
 9.983e-01 9.983e-01 9.982e-01 9.982e-01 9.982e-01 9.982e-01 9.981e-01 9.981e-01
 9.980e-01 9.980e-01 9.980e-01 9.979e-01 9.979e-01 9.979e-01 9.978e-01 9.978e-01
 9.977e-01 9.977e-01 9.976e-01 9.976e-01 9.975e-01 9.975e-01 9.974e-01 9.974e-01
 9.973e-01 9.973e-01 9.972e-01 9.972e-01 9.971e-01 9.971e-01 9.970e-01 9.969e-01
 9.969e-01 9.968e-01 9.967e-01 9.966e-01 9.966e-01 9.965e-01 9.964e-01 9.963e-01
 9.963e-01 9.962e-01 9.961e-01 9.960e-01 9.959e-01 9.958e-01 9.957e-01 9.957e-01
 9.956e-01 9.955e-01 9.954e-01 9.953e-01 9.951e-01 9.950e-01 9.949e-01 9.948e-01
 9.947e-01 9.946e-01 9.945e-01 9.943e-01 9.942e-01 9.941e-01 9.940e-01 9.938e-01
 9.937e-01 9.936e-01 9.934e-01 9.933e-01 9.931e-01 9.930e-01 9.928e-01 9.927e-01
sqrt(<Z^2>) for tau[ms]=    1.0
 7.952e-02 1.109e-01 1.516e-01 2.030e-01 2.660e-01 3.403e-01 4.240e-01 5.129e-01
 6.017e-01 6.844e-01 7.565e-01 8.158e-01 8.623e-01 8.976e-01 9.238e-01 9.430e-01
 9.571e-01 9.674e-01 9.749e-01 9.806e-01 9.848e-01 9.879e-01 9.903e-01 9.922e-01
 9.936e-01 9.948e-01 9.956e-01 9.964e-01 9.969e-01 9.974e-01 9.978e-01 9.981e-01
 9.983e-01 9.985e-01 9.987e-01 9.989e-01 9.990e-01 9.991e-01 9.992e-01 9.993e-01
 9.993e-01 9.994e-01 9.994e-01 9.995e-01 9.995e-01 9.996e-01 9.996e-01 9.996e-01
 9.996e-01 9.997e-01 9.997e-01 9.997e-01 9.997e-01 9.997e-01 9.998e-01 9.998e-01
 9.998e-01 9.998e-01 9.998e-01 9.998e-01 9.998e-01 9.998e-01 9.998e-01 9.998e-01
 9.998e-01 9.998e-01 9.998e-01 9.998e-01 9.999e-01 9.999e-01 9.999e-01 9.999e-01
 9.999e-01 9.999e-01 9.999e-01 9.999e-01 9.999e-01 9.999e-01 9.999e-01 9.999e-01
 9.999e-01 9.999e-01 9.999e-01 9.999e-01 9.999e-01 9.999e-01 9.999e-01 9.999e-01
 9.999e-01 9.999e-01 9.999e-01 9.999e-01 9.999e-01 9.999e-01 9.999e-01 9.999e-01
 9.999e-01 9.999e-01 9.999e-01 9.999e-01 9.999e-01 9.999e-01 9.999e-01 9.999e-01
 9.999e-01 9.999e-01 9.999e-01 9.999e-01 9.999e-01 9.999e-01 9.999e-01 9.999e-01
 9.999e-01 9.999e-01 9.999e-01 9.999e-01 9.999e-01 9.999e-01 9.999e-01 9.999e-01
 9.998e-01 9.998e-01 9.998e-01 9.998e-01 9.998e-01 9.998e-01 9.998e-01 9.998e-01
 9.998e-01 9.998e-01 9.998e-01 9.998e-01 9.998e-01 9.998e-01 9.998e-01 9.998e-01
 9.998e-01 9.998e-01 9.998e-01 9.998e-01 9.998e-01 9.998e-01 9.998e-01 9.998e-01
 9.998e-01 9.998e-01 9.998e-01 9.998e-01 9.998e-01 9.997e-01 9.997e-01 9.997e-01
 9.997e-01 9.997e-01 9.997e-01 9.997e-01 9.997e-01 9.997e-01 9.997e-01 9.997e-01
 9.997e-01 9.997e-01 9.997e-01 9.997e-01 9.997e-01 9.996e-01 9.996e-01 9.996e-01
 9.996e-01 9.996e-01 9.996e-01 9.996e-01 9.996e-01 9.996e-01 9.996e-01 9.996e-01
 9.996e-01 9.995e-01 9.995e-01 9.995e-01 9.995e-01 9.995e-01 9.995e-01 9.995e-01
 9.995e-01 9.995e-01 9.994e-01 9.994e-01 9.994e-01 9.994e-01 9.994e-01 9.994e-01
 9.994e-01 9.994e-01 9.993e-01 9.993e-01 9.993e-01 9.993e-01 9.993e-01 9.993e-01
sqrt(<Z^2>) for tau[ms]=   10.0
 1.668e-01 2.358e-01 3.233e-01 4.272e-01 5.405e-01 6.518e-01 7.496e-01 8.270e-01
 8.834e-01 9.222e-01 9.481e-01 9.651e-01 9.762e-01 9.835e-01 9.884e-01 9.917e-01
 9.940e-01 9.956e-01 9.967e-01 9.975e-01 9.981e-01 9.985e-01 9.988e-01 9.991e-01
 9.992e-01 9.994e-01 9.995e-01 9.996e-01 9.996e-01 9.997e-01 9.997e-01 9.998e-01
 9.998e-01 9.998e-01 9.999e-01 9.999e-01 9.999e-01 9.999e-01 9.999e-01 9.999e-01
 9.999e-01 9.999e-01 9.999e-01 9.999e-01 1.000e+00 1.000e+00 1.000e+00 1.000e+00
 1.000e+00 1.000e+00 1.000e+00 1.000e+00 1.000e+00 1.000e+00 1.000e+00 1.000e+00
 1.000e+00 1.000e+00 1.000e+00 1.000e+00 1.000e+00 1.000e+00 1.000e+00 1.000e+00
 1.000e+00 1.000e+00 1.000e+00 1.000e+00 1.000e+00 1.000e+00 1.000e+00 1.000e+00
 1.000e+00 1.000e+00 1.000e+00 1.000e+00 1.000e+00 1.000e+00 1.000e+00 1.000e+00
 1.000e+00 1.000e+00 1.000e+00 1.000e+00 1.000e+00 1.000e+00 1.000e+00 1.000e+00
 1.000e+00 1.000e+00 1.000e+00 1.000e+00 1.000e+00 1.000e+00 1.000e+00 1.000e+00
 1.000e+00 1.000e+00 1.000e+00 1.000e+00 1.000e+00 1.000e+00 1.000e+00 1.000e+00
 1.000e+00 1.000e+00 1.000e+00 1.000e+00 1.000e+00 1.000e+00 1.000e+00 1.000e+00
 1.000e+00 1.000e+00 1.000e+00 1.000e+00 1.000e+00 1.000e+00 1.000e+00 1.000e+00
 1.000e+00 1.000e+00 1.000e+00 1.000e+00 1.000e+00 1.000e+00 1.000e+00 1.000e+00
 1.000e+00 1.000e+00 1.000e+00 1.000e+00 1.000e+00 1.000e+00 1.000e+00 1.000e+00
 1.000e+00 1.000e+00 1.000e+00 1.000e+00 1.000e+00 1.000e+00 1.000e+00 1.000e+00
 1.000e+00 1.000e+00 1.000e+00 1.000e+00 1.000e+00 1.000e+00 1.000e+00 1.000e+00
 1.000e+00 1.000e+00 1.000e+00 1.000e+00 1.000e+00 1.000e+00 1.000e+00 1.000e+00
 1.000e+00 1.000e+00 1.000e+00 1.000e+00 1.000e+00 1.000e+00 1.000e+00 1.000e+00
 1.000e+00 1.000e+00 1.000e+00 1.000e+00 1.000e+00 1.000e+00 1.000e+00 1.000e+00
 1.000e+00 1.000e+00 1.000e+00 1.000e+00 1.000e+00 1.000e+00 9.999e-01 9.999e-01
 9.999e-01 9.999e-01 9.999e-01 9.999e-01 9.999e-01 9.999e-01 9.999e-01 9.999e-01
 9.999e-01 9.999e-01 9.999e-01 9.999e-01 9.999e-01 9.999e-01 9.999e-01 9.999e-01
sqrt(<Z^2>) for tau[ms]=  100.0
 2.054e-01 2.931e-01 4.025e-01 5.269e-01 6.519e-01 7.612e-01 8.447e-01 9.023e-01
 9.393e-01 9.623e-01 9.763e-01 9.849e-01 9.902e-01 9.936e-01 9.957e-01 9.970e-01
 9.979e-01 9.985e-01 9.990e-01 9.992e-01 9.994e-01 9.996e-01 9.997e-01 9.998e-01
 9.998e-01 9.998e-01 9.999e-01 9.999e-01 9.999e-01 9.999e-01 9.999e-01 1.000e+00
 1.000e+00 1.000e+00 1.000e+00 1.000e+00 1.000e+00 1.000e+00 1.000e+00 1.000e+00
 1.000e+00 1.000e+00 1.000e+00 1.000e+00 1.000e+00 1.000e+00 1.000e+00 1.000e+00
 1.000e+00 1.000e+00 1.000e+00 1.000e+00 1.000e+00 1.000e+00 1.000e+00 1.000e+00
 1.000e+00 1.000e+00 1.000e+00 1.000e+00 1.000e+00 1.000e+00 1.000e+00 1.000e+00
 1.000e+00 1.000e+00 1.000e+00 1.000e+00 1.000e+00 1.000e+00 1.000e+00 1.000e+00
 1.000e+00 1.000e+00 1.000e+00 1.000e+00 1.000e+00 1.000e+00 1.000e+00 1.000e+00
 1.000e+00 1.000e+00 1.000e+00 1.000e+00 1.000e+00 1.000e+00 1.000e+00 1.000e+00
 1.000e+00 1.000e+00 1.000e+00 1.000e+00 1.000e+00 1.000e+00 1.000e+00 1.000e+00
 1.000e+00 1.000e+00 1.000e+00 1.000e+00 1.000e+00 1.000e+00 1.000e+00 1.000e+00
 1.000e+00 1.000e+00 1.000e+00 1.000e+00 1.000e+00 1.000e+00 1.000e+00 1.000e+00
 1.000e+00 1.000e+00 1.000e+00 1.000e+00 1.000e+00 1.000e+00 1.000e+00 1.000e+00
 1.000e+00 1.000e+00 1.000e+00 1.000e+00 1.000e+00 1.000e+00 1.000e+00 1.000e+00
 1.000e+00 1.000e+00 1.000e+00 1.000e+00 1.000e+00 1.000e+00 1.000e+00 1.000e+00
 1.000e+00 1.000e+00 1.000e+00 1.000e+00 1.000e+00 1.000e+00 1.000e+00 1.000e+00
 1.000e+00 1.000e+00 1.000e+00 1.000e+00 1.000e+00 1.000e+00 1.000e+00 1.000e+00
 1.000e+00 1.000e+00 1.000e+00 1.000e+00 1.000e+00 1.000e+00 1.000e+00 1.000e+00
 1.000e+00 1.000e+00 1.000e+00 1.000e+00 1.000e+00 1.000e+00 1.000e+00 1.000e+00
 1.000e+00 1.000e+00 1.000e+00 1.000e+00 1.000e+00 1.000e+00 1.000e+00 1.000e+00
 1.000e+00 1.000e+00 1.000e+00 1.000e+00 1.000e+00 1.000e+00 1.000e+00 1.000e+00
 1.000e+00 1.000e+00 1.000e+00 1.000e+00 1.000e+00 1.000e+00 1.000e+00 1.000e+00
 1.000e+00 1.000e+00 1.000e+00 1.000e+00 1.000e+00 1.000e+00 1.000e+00 1.000e+00
sqrt(<Z^2>) for tau[ms]= 1000.0
 2.109e-01 3.014e-01 4.141e-01 5.412e-01 6.673e-01 7.754e-01 8.564e-01 9.110e-01
 9.455e-01 9.666e-01 9.793e-01 9.870e-01 9.917e-01 9.946e-01 9.964e-01 9.976e-01
 9.983e-01 9.988e-01 9.992e-01 9.994e-01 9.996e-01 9.997e-01 9.998e-01 9.998e-01
 9.999e-01 9.999e-01 9.999e-01 9.999e-01 9.999e-01 1.000e+00 1.000e+00 1.000e+00
 1.000e+00 1.000e+00 1.000e+00 1.000e+00 1.000e+00 1.000e+00 1.000e+00 1.000e+00
 1.000e+00 1.000e+00 1.000e+00 1.000e+00 1.000e+00 1.000e+00 1.000e+00 1.000e+00
 1.000e+00 1.000e+00 1.000e+00 1.000e+00 1.000e+00 1.000e+00 1.000e+00 1.000e+00
 1.000e+00 1.000e+00 1.000e+00 1.000e+00 1.000e+00 1.000e+00 1.000e+00 1.000e+00
 1.000e+00 1.000e+00 1.000e+00 1.000e+00 1.000e+00 1.000e+00 1.000e+00 1.000e+00
 1.000e+00 1.000e+00 1.000e+00 1.000e+00 1.000e+00 1.000e+00 1.000e+00 1.000e+00
 1.000e+00 1.000e+00 1.000e+00 1.000e+00 1.000e+00 1.000e+00 1.000e+00 1.000e+00
 1.000e+00 1.000e+00 1.000e+00 1.000e+00 1.000e+00 1.000e+00 1.000e+00 1.000e+00
 1.000e+00 1.000e+00 1.000e+00 1.000e+00 1.000e+00 1.000e+00 1.000e+00 1.000e+00
 1.000e+00 1.000e+00 1.000e+00 1.000e+00 1.000e+00 1.000e+00 1.000e+00 1.000e+00
 1.000e+00 1.000e+00 1.000e+00 1.000e+00 1.000e+00 1.000e+00 1.000e+00 1.000e+00
 1.000e+00 1.000e+00 1.000e+00 1.000e+00 1.000e+00 1.000e+00 1.000e+00 1.000e+00
 1.000e+00 1.000e+00 1.000e+00 1.000e+00 1.000e+00 1.000e+00 1.000e+00 1.000e+00
 1.000e+00 1.000e+00 1.000e+00 1.000e+00 1.000e+00 1.000e+00 1.000e+00 1.000e+00
 1.000e+00 1.000e+00 1.000e+00 1.000e+00 1.000e+00 1.000e+00 1.000e+00 1.000e+00
 1.000e+00 1.000e+00 1.000e+00 1.000e+00 1.000e+00 1.000e+00 1.000e+00 1.000e+00
 1.000e+00 1.000e+00 1.000e+00 1.000e+00 1.000e+00 1.000e+00 1.000e+00 1.000e+00
 1.000e+00 1.000e+00 1.000e+00 1.000e+00 1.000e+00 1.000e+00 1.000e+00 1.000e+00
 1.000e+00 1.000e+00 1.000e+00 1.000e+00 1.000e+00 1.000e+00 1.000e+00 1.000e+00
 1.000e+00 1.000e+00 1.000e+00 1.000e+00 1.000e+00 1.000e+00 1.000e+00 1.000e+00
 1.000e+00 1.000e+00 1.000e+00 1.000e+00 1.000e+00 1.000e+00 1.000e+00 1.000e+00
sqrt(<Z^2>) in equilibrium - infinite confinement
 2.115e-01 3.023e-01 4.154e-01 5.429e-01 6.690e-01 7.770e-01 8.577e-01 9.120e-01
 9.462e-01 9.671e-01 9.796e-01 9.872e-01 9.918e-01 9.947e-01 9.965e-01 9.976e-01
 9.984e-01 9.989e-01 9.992e-01 9.994e-01 9.996e-01 9.997e-01 9.998e-01 9.998e-01
 9.999e-01 9.999e-01 9.999e-01 9.999e-01 1.000e+00 1.000e+00 1.000e+00 1.000e+00
 1.000e+00 1.000e+00 1.000e+00 1.000e+00 1.000e+00 1.000e+00 1.000e+00 1.000e+00
 1.000e+00 1.000e+00 1.000e+00 1.000e+00 1.000e+00 1.000e+00 1.000e+00 1.000e+00
 1.000e+00 1.000e+00 1.000e+00 1.000e+00 1.000e+00 1.000e+00 1.000e+00 1.000e+00
 1.000e+00 1.000e+00 1.000e+00 1.000e+00 1.000e+00 1.000e+00 1.000e+00 1.000e+00
 1.000e+00 1.000e+00 1.000e+00 1.000e+00 1.000e+00 1.000e+00 1.000e+00 1.000e+00
 1.000e+00 1.000e+00 1.000e+00 1.000e+00 1.000e+00 1.000e+00 1.000e+00 1.000e+00
 1.000e+00 1.000e+00 1.000e+00 1.000e+00 1.000e+00 1.000e+00 1.000e+00 1.000e+00
 1.000e+00 1.000e+00 1.000e+00 1.000e+00 1.000e+00 1.000e+00 1.000e+00 1.000e+00
 1.000e+00 1.000e+00 1.000e+00 1.000e+00 1.000e+00 1.000e+00 1.000e+00 1.000e+00
 1.000e+00 1.000e+00 1.000e+00 1.000e+00 1.000e+00 1.000e+00 1.000e+00 1.000e+00
 1.000e+00 1.000e+00 1.000e+00 1.000e+00 1.000e+00 1.000e+00 1.000e+00 1.000e+00
 1.000e+00 1.000e+00 1.000e+00 1.000e+00 1.000e+00 1.000e+00 1.000e+00 1.000e+00
 1.000e+00 1.000e+00 1.000e+00 1.000e+00 1.000e+00 1.000e+00 1.000e+00 1.000e+00
 1.000e+00 1.000e+00 1.000e+00 1.000e+00 1.000e+00 1.000e+00 1.000e+00 1.000e+00
 1.000e+00 1.000e+00 1.000e+00 1.000e+00 1.000e+00 1.000e+00 1.000e+00 1.000e+00
 1.000e+00 1.000e+00 1.000e+00 1.000e+00 1.000e+00 1.000e+00 1.000e+00 1.000e+00
 1.000e+00 1.000e+00 1.000e+00 1.000e+00 1.000e+00 1.000e+00 1.000e+00 1.000e+00
 1.000e+00 1.000e+00 1.000e+00 1.000e+00 1.000e+00 1.000e+00 1.000e+00 1.000e+00
 1.000e+00 1.000e+00 1.000e+00 1.000e+00 1.000e+00 1.000e+00 1.000e+00 1.000e+00
 1.000e+00 1.000e+00 1.000e+00 1.000e+00 1.000e+00 1.000e+00 1.000e+00 1.000e+00
 1.000e+00 1.000e+00 1.000e+00 1.000e+00 1.000e+00 1.000e+00 1.000e+00 1.000e+00
C-------------------------------------------------------------------------------
C
C  The fractional abundance and radiated power were generated from the
C  ADAS installation at UKAEA with the named adf11 files. The adf11 data
C  files may be updated in a later release of ADAS and publicly
C  available versions may be found at https://open.adas.ac.uk/.
C
C  The equilibrium balance data was produced with run_adas405.py and
C  the balance with a confinement time with adas4xx_ionbal_tau.py
C  which are functions from the ADAS library. Details on these codes
C  may be found at: https://www.adas.ac.uk/python_lib/index.html
C
C  Copyright (C) 2023 UK Atomic Energy Authority
C
C  This file was generated for use in the UKAEA systems code PROCESS
C  using a script written by Martin O'Mullane.
C  If acquired without provenance a user is strongly advised
C  to check its validity by re-generating using the adf11 files from
C  the OPEN-ADAS site.
C
C  Produced by : Timothy Nunn
C  Date        : 24-05-23
C
C-------------------------------------------------------------------------------
