Mean charge as a function dwell time.
Temperature :      1.0 -  40000.0 eV
Density     : 1.00e+20 m-3
   200     5  # Te values, dwell time

Source data:
acd : /home/adas/adas/adf11/acd96/acd96_he.dat
scd : /home/adas/adas/adf11/scd96/scd96_he.dat
plt : /home/adas/adas/adf11/plt96/plt96_he.dat
prb : /home/adas/adas/adf11/prb96/prb96_he.dat

Te[eV]
 1.000e+00 1.055e+00 1.112e+00 1.173e+00 1.237e+00 1.305e+00 1.376e+00 1.452e+00
 1.531e+00 1.615e+00 1.703e+00 1.796e+00 1.895e+00 1.998e+00 2.107e+00 2.223e+00
 2.344e+00 2.473e+00 2.608e+00 2.750e+00 2.901e+00 3.059e+00 3.227e+00 3.403e+00
 3.589e+00 3.786e+00 3.993e+00 4.211e+00 4.441e+00 4.684e+00 4.941e+00 5.211e+00
 5.496e+00 5.796e+00 6.113e+00 6.448e+00 6.800e+00 7.172e+00 7.565e+00 7.978e+00
 8.415e+00 8.875e+00 9.360e+00 9.872e+00 1.041e+01 1.098e+01 1.158e+01 1.222e+01
 1.288e+01 1.359e+01 1.433e+01 1.512e+01 1.594e+01 1.681e+01 1.773e+01 1.870e+01
 1.973e+01 2.081e+01 2.194e+01 2.314e+01 2.441e+01 2.574e+01 2.715e+01 2.864e+01
 3.020e+01 3.186e+01 3.360e+01 3.544e+01 3.737e+01 3.942e+01 4.157e+01 4.385e+01
 4.625e+01 4.877e+01 5.144e+01 5.426e+01 5.722e+01 6.035e+01 6.365e+01 6.713e+01
 7.081e+01 7.468e+01 7.876e+01 8.307e+01 8.761e+01 9.241e+01 9.746e+01 1.028e+02
 1.084e+02 1.143e+02 1.206e+02 1.272e+02 1.341e+02 1.415e+02 1.492e+02 1.574e+02
 1.660e+02 1.751e+02 1.846e+02 1.947e+02 2.054e+02 2.166e+02 2.285e+02 2.410e+02
 2.542e+02 2.681e+02 2.827e+02 2.982e+02 3.145e+02 3.317e+02 3.498e+02 3.690e+02
 3.891e+02 4.104e+02 4.329e+02 4.565e+02 4.815e+02 5.078e+02 5.356e+02 5.649e+02
 5.958e+02 6.284e+02 6.628e+02 6.990e+02 7.373e+02 7.776e+02 8.201e+02 8.650e+02
 9.123e+02 9.622e+02 1.015e+03 1.070e+03 1.129e+03 1.191e+03 1.256e+03 1.324e+03
 1.397e+03 1.473e+03 1.554e+03 1.639e+03 1.728e+03 1.823e+03 1.923e+03 2.028e+03
 2.139e+03 2.256e+03 2.379e+03 2.509e+03 2.646e+03 2.791e+03 2.944e+03 3.105e+03
 3.274e+03 3.454e+03 3.642e+03 3.842e+03 4.052e+03 4.273e+03 4.507e+03 4.754e+03
 5.014e+03 5.288e+03 5.577e+03 5.882e+03 6.204e+03 6.543e+03 6.901e+03 7.278e+03
 7.676e+03 8.096e+03 8.539e+03 9.006e+03 9.499e+03 1.002e+04 1.057e+04 1.114e+04
 1.175e+04 1.240e+04 1.307e+04 1.379e+04 1.454e+04 1.534e+04 1.618e+04 1.706e+04
 1.800e+04 1.898e+04 2.002e+04 2.111e+04 2.227e+04 2.349e+04 2.477e+04 2.612e+04
 2.755e+04 2.906e+04 3.065e+04 3.233e+04 3.409e+04 3.596e+04 3.793e+04 4.000e+04
<Z> for tau[ms]=    0.1
 6.806e-08 2.093e-07 6.037e-07 1.640e-06 4.207e-06 1.023e-05 2.368e-05 5.229e-05
 1.106e-04 2.247e-04 4.393e-04 8.283e-04 1.509e-03 2.662e-03 4.554e-03 7.564e-03
 1.221e-02 1.918e-02 2.933e-02 4.367e-02 6.334e-02 8.946e-02 1.230e-01 1.644e-01
 2.137e-01 2.697e-01 3.309e-01 3.950e-01 4.595e-01 5.223e-01 5.814e-01 6.358e-01
 6.849e-01 7.286e-01 7.674e-01 8.020e-01 8.332e-01 8.621e-01 8.898e-01 9.175e-01
 9.463e-01 9.773e-01 1.011e+00 1.049e+00 1.091e+00 1.137e+00 1.187e+00 1.240e+00
 1.294e+00 1.349e+00 1.404e+00 1.456e+00 1.506e+00 1.553e+00 1.596e+00 1.636e+00
 1.671e+00 1.703e+00 1.731e+00 1.757e+00 1.779e+00 1.799e+00 1.817e+00 1.833e+00
 1.846e+00 1.859e+00 1.870e+00 1.879e+00 1.888e+00 1.896e+00 1.903e+00 1.909e+00
 1.915e+00 1.920e+00 1.924e+00 1.928e+00 1.932e+00 1.935e+00 1.938e+00 1.941e+00
 1.944e+00 1.946e+00 1.948e+00 1.950e+00 1.952e+00 1.954e+00 1.955e+00 1.957e+00
 1.958e+00 1.959e+00 1.960e+00 1.961e+00 1.962e+00 1.963e+00 1.964e+00 1.964e+00
 1.965e+00 1.966e+00 1.966e+00 1.967e+00 1.967e+00 1.967e+00 1.968e+00 1.968e+00
 1.969e+00 1.969e+00 1.969e+00 1.969e+00 1.969e+00 1.970e+00 1.970e+00 1.970e+00
 1.970e+00 1.970e+00 1.970e+00 1.970e+00 1.970e+00 1.970e+00 1.970e+00 1.970e+00
 1.970e+00 1.970e+00 1.970e+00 1.970e+00 1.970e+00 1.970e+00 1.970e+00 1.970e+00
 1.969e+00 1.969e+00 1.969e+00 1.969e+00 1.969e+00 1.969e+00 1.968e+00 1.968e+00
 1.968e+00 1.968e+00 1.968e+00 1.967e+00 1.967e+00 1.967e+00 1.967e+00 1.967e+00
 1.966e+00 1.966e+00 1.966e+00 1.966e+00 1.965e+00 1.965e+00 1.965e+00 1.965e+00
 1.964e+00 1.964e+00 1.964e+00 1.963e+00 1.963e+00 1.963e+00 1.963e+00 1.962e+00
 1.962e+00 1.962e+00 1.961e+00 1.961e+00 1.961e+00 1.961e+00 1.960e+00 1.960e+00
 1.960e+00 1.959e+00 1.959e+00 1.959e+00 1.958e+00 1.958e+00 1.958e+00 1.957e+00
 1.957e+00 1.957e+00 1.956e+00 1.956e+00 1.956e+00 1.955e+00 1.955e+00 1.954e+00
 1.954e+00 1.954e+00 1.953e+00 1.953e+00 1.953e+00 1.952e+00 1.952e+00 1.951e+00
 1.951e+00 1.950e+00 1.950e+00 1.950e+00 1.949e+00 1.949e+00 1.948e+00 1.948e+00
<Z> for tau[ms]=    1.0
 6.064e-07 1.885e-06 5.490e-06 1.504e-05 3.890e-05 9.526e-05 2.218e-04 4.923e-04
 1.046e-03 2.132e-03 4.178e-03 7.879e-03 1.432e-02 2.508e-02 4.234e-02 6.876e-02
 1.072e-01 1.598e-01 2.275e-01 3.083e-01 3.980e-01 4.903e-01 5.789e-01 6.589e-01
 7.275e-01 7.843e-01 8.299e-01 8.662e-01 8.950e-01 9.181e-01 9.376e-01 9.550e-01
 9.723e-01 9.915e-01 1.015e+00 1.044e+00 1.083e+00 1.131e+00 1.191e+00 1.260e+00
 1.337e+00 1.418e+00 1.498e+00 1.573e+00 1.641e+00 1.701e+00 1.752e+00 1.795e+00
 1.830e+00 1.859e+00 1.882e+00 1.901e+00 1.916e+00 1.929e+00 1.939e+00 1.948e+00
 1.955e+00 1.961e+00 1.966e+00 1.970e+00 1.973e+00 1.976e+00 1.978e+00 1.981e+00
 1.982e+00 1.984e+00 1.985e+00 1.987e+00 1.988e+00 1.989e+00 1.989e+00 1.990e+00
 1.991e+00 1.991e+00 1.992e+00 1.992e+00 1.993e+00 1.993e+00 1.994e+00 1.994e+00
 1.994e+00 1.994e+00 1.995e+00 1.995e+00 1.995e+00 1.995e+00 1.995e+00 1.996e+00
 1.996e+00 1.996e+00 1.996e+00 1.996e+00 1.996e+00 1.996e+00 1.996e+00 1.996e+00
 1.996e+00 1.996e+00 1.997e+00 1.997e+00 1.997e+00 1.997e+00 1.997e+00 1.997e+00
 1.997e+00 1.997e+00 1.997e+00 1.997e+00 1.997e+00 1.997e+00 1.997e+00 1.997e+00
 1.997e+00 1.997e+00 1.997e+00 1.997e+00 1.997e+00 1.997e+00 1.997e+00 1.997e+00
 1.997e+00 1.997e+00 1.997e+00 1.997e+00 1.997e+00 1.997e+00 1.997e+00 1.997e+00
 1.997e+00 1.997e+00 1.997e+00 1.997e+00 1.997e+00 1.997e+00 1.997e+00 1.997e+00
 1.997e+00 1.997e+00 1.997e+00 1.997e+00 1.997e+00 1.997e+00 1.997e+00 1.997e+00
 1.997e+00 1.997e+00 1.997e+00 1.996e+00 1.996e+00 1.996e+00 1.996e+00 1.996e+00
 1.996e+00 1.996e+00 1.996e+00 1.996e+00 1.996e+00 1.996e+00 1.996e+00 1.996e+00
 1.996e+00 1.996e+00 1.996e+00 1.996e+00 1.996e+00 1.996e+00 1.996e+00 1.996e+00
 1.996e+00 1.996e+00 1.996e+00 1.996e+00 1.996e+00 1.996e+00 1.996e+00 1.996e+00
 1.996e+00 1.996e+00 1.995e+00 1.995e+00 1.995e+00 1.995e+00 1.995e+00 1.995e+00
 1.995e+00 1.995e+00 1.995e+00 1.995e+00 1.995e+00 1.995e+00 1.995e+00 1.995e+00
 1.995e+00 1.995e+00 1.995e+00 1.995e+00 1.995e+00 1.995e+00 1.995e+00 1.995e+00
<Z> for tau[ms]=   10.0
 2.901e-06 9.457e-06 2.882e-05 8.237e-05 2.216e-04 5.633e-04 1.357e-03 3.106e-03
 6.778e-03 1.412e-02 2.803e-02 5.294e-02 9.463e-02 1.589e-01 2.486e-01 3.599e-01
 4.817e-01 5.993e-01 7.012e-01 7.826e-01 8.438e-01 8.883e-01 9.199e-01 9.423e-01
 9.583e-01 9.699e-01 9.790e-01 9.871e-01 9.959e-01 1.007e+00 1.024e+00 1.051e+00
 1.090e+00 1.148e+00 1.225e+00 1.321e+00 1.427e+00 1.534e+00 1.633e+00 1.718e+00
 1.786e+00 1.839e+00 1.879e+00 1.908e+00 1.930e+00 1.946e+00 1.959e+00 1.968e+00
 1.974e+00 1.980e+00 1.983e+00 1.987e+00 1.989e+00 1.991e+00 1.992e+00 1.993e+00
 1.994e+00 1.995e+00 1.996e+00 1.996e+00 1.997e+00 1.997e+00 1.998e+00 1.998e+00
 1.998e+00 1.998e+00 1.998e+00 1.999e+00 1.999e+00 1.999e+00 1.999e+00 1.999e+00
 1.999e+00 1.999e+00 1.999e+00 1.999e+00 1.999e+00 1.999e+00 1.999e+00 1.999e+00
 1.999e+00 1.999e+00 1.999e+00 1.999e+00 1.999e+00 1.999e+00 2.000e+00 2.000e+00
 2.000e+00 2.000e+00 2.000e+00 2.000e+00 2.000e+00 2.000e+00 2.000e+00 2.000e+00
 2.000e+00 2.000e+00 2.000e+00 2.000e+00 2.000e+00 2.000e+00 2.000e+00 2.000e+00
 2.000e+00 2.000e+00 2.000e+00 2.000e+00 2.000e+00 2.000e+00 2.000e+00 2.000e+00
 2.000e+00 2.000e+00 2.000e+00 2.000e+00 2.000e+00 2.000e+00 2.000e+00 2.000e+00
 2.000e+00 2.000e+00 2.000e+00 2.000e+00 2.000e+00 2.000e+00 2.000e+00 2.000e+00
 2.000e+00 2.000e+00 2.000e+00 2.000e+00 2.000e+00 2.000e+00 2.000e+00 2.000e+00
 2.000e+00 2.000e+00 2.000e+00 2.000e+00 2.000e+00 2.000e+00 2.000e+00 2.000e+00
 2.000e+00 2.000e+00 2.000e+00 2.000e+00 2.000e+00 2.000e+00 2.000e+00 2.000e+00
 2.000e+00 2.000e+00 2.000e+00 2.000e+00 2.000e+00 2.000e+00 2.000e+00 2.000e+00
 2.000e+00 2.000e+00 2.000e+00 2.000e+00 2.000e+00 2.000e+00 2.000e+00 2.000e+00
 2.000e+00 2.000e+00 2.000e+00 2.000e+00 2.000e+00 2.000e+00 2.000e+00 2.000e+00
 2.000e+00 2.000e+00 2.000e+00 2.000e+00 2.000e+00 2.000e+00 2.000e+00 2.000e+00
 2.000e+00 2.000e+00 2.000e+00 2.000e+00 2.000e+00 2.000e+00 1.999e+00 1.999e+00
 1.999e+00 1.999e+00 1.999e+00 1.999e+00 1.999e+00 1.999e+00 1.999e+00 1.999e+00
<Z> for tau[ms]=  100.0
 4.668e-06 1.581e-05 5.011e-05 1.491e-04 4.180e-04 1.107e-03 2.779e-03 6.622e-03
 1.500e-02 3.223e-02 6.534e-02 1.237e-01 2.155e-01 3.407e-01 4.848e-01 6.244e-01
 7.404e-01 8.264e-01 8.857e-01 9.248e-01 9.503e-01 9.668e-01 9.775e-01 9.848e-01
 9.899e-01 9.940e-01 9.983e-01 1.004e+00 1.013e+00 1.029e+00 1.057e+00 1.102e+00
 1.170e+00 1.263e+00 1.378e+00 1.501e+00 1.618e+00 1.719e+00 1.798e+00 1.857e+00
 1.899e+00 1.928e+00 1.949e+00 1.963e+00 1.973e+00 1.980e+00 1.985e+00 1.989e+00
 1.991e+00 1.993e+00 1.995e+00 1.996e+00 1.997e+00 1.997e+00 1.998e+00 1.998e+00
 1.999e+00 1.999e+00 1.999e+00 1.999e+00 1.999e+00 1.999e+00 1.999e+00 2.000e+00
 2.000e+00 2.000e+00 2.000e+00 2.000e+00 2.000e+00 2.000e+00 2.000e+00 2.000e+00
 2.000e+00 2.000e+00 2.000e+00 2.000e+00 2.000e+00 2.000e+00 2.000e+00 2.000e+00
 2.000e+00 2.000e+00 2.000e+00 2.000e+00 2.000e+00 2.000e+00 2.000e+00 2.000e+00
 2.000e+00 2.000e+00 2.000e+00 2.000e+00 2.000e+00 2.000e+00 2.000e+00 2.000e+00
 2.000e+00 2.000e+00 2.000e+00 2.000e+00 2.000e+00 2.000e+00 2.000e+00 2.000e+00
 2.000e+00 2.000e+00 2.000e+00 2.000e+00 2.000e+00 2.000e+00 2.000e+00 2.000e+00
 2.000e+00 2.000e+00 2.000e+00 2.000e+00 2.000e+00 2.000e+00 2.000e+00 2.000e+00
 2.000e+00 2.000e+00 2.000e+00 2.000e+00 2.000e+00 2.000e+00 2.000e+00 2.000e+00
 2.000e+00 2.000e+00 2.000e+00 2.000e+00 2.000e+00 2.000e+00 2.000e+00 2.000e+00
 2.000e+00 2.000e+00 2.000e+00 2.000e+00 2.000e+00 2.000e+00 2.000e+00 2.000e+00
 2.000e+00 2.000e+00 2.000e+00 2.000e+00 2.000e+00 2.000e+00 2.000e+00 2.000e+00
 2.000e+00 2.000e+00 2.000e+00 2.000e+00 2.000e+00 2.000e+00 2.000e+00 2.000e+00
 2.000e+00 2.000e+00 2.000e+00 2.000e+00 2.000e+00 2.000e+00 2.000e+00 2.000e+00
 2.000e+00 2.000e+00 2.000e+00 2.000e+00 2.000e+00 2.000e+00 2.000e+00 2.000e+00
 2.000e+00 2.000e+00 2.000e+00 2.000e+00 2.000e+00 2.000e+00 2.000e+00 2.000e+00
 2.000e+00 2.000e+00 2.000e+00 2.000e+00 2.000e+00 2.000e+00 2.000e+00 2.000e+00
 2.000e+00 2.000e+00 2.000e+00 2.000e+00 2.000e+00 2.000e+00 2.000e+00 2.000e+00
<Z> for tau[ms]= 1000.0
 4.971e-06 1.695e-05 5.410e-05 1.623e-04 4.586e-04 1.226e-03 3.104e-03 7.467e-03
 1.707e-02 3.697e-02 7.537e-02 1.428e-01 2.471e-01 3.847e-01 5.357e-01 6.739e-01
 7.824e-01 8.590e-01 9.096e-01 9.419e-01 9.624e-01 9.754e-01 9.837e-01 9.892e-01
 9.932e-01 9.965e-01 1.000e+00 1.006e+00 1.016e+00 1.033e+00 1.063e+00 1.111e+00
 1.185e+00 1.284e+00 1.404e+00 1.530e+00 1.647e+00 1.745e+00 1.819e+00 1.874e+00
 1.912e+00 1.938e+00 1.956e+00 1.969e+00 1.978e+00 1.984e+00 1.988e+00 1.991e+00
 1.993e+00 1.995e+00 1.996e+00 1.997e+00 1.998e+00 1.998e+00 1.998e+00 1.999e+00
 1.999e+00 1.999e+00 1.999e+00 1.999e+00 1.999e+00 2.000e+00 2.000e+00 2.000e+00
 2.000e+00 2.000e+00 2.000e+00 2.000e+00 2.000e+00 2.000e+00 2.000e+00 2.000e+00
 2.000e+00 2.000e+00 2.000e+00 2.000e+00 2.000e+00 2.000e+00 2.000e+00 2.000e+00
 2.000e+00 2.000e+00 2.000e+00 2.000e+00 2.000e+00 2.000e+00 2.000e+00 2.000e+00
 2.000e+00 2.000e+00 2.000e+00 2.000e+00 2.000e+00 2.000e+00 2.000e+00 2.000e+00
 2.000e+00 2.000e+00 2.000e+00 2.000e+00 2.000e+00 2.000e+00 2.000e+00 2.000e+00
 2.000e+00 2.000e+00 2.000e+00 2.000e+00 2.000e+00 2.000e+00 2.000e+00 2.000e+00
 2.000e+00 2.000e+00 2.000e+00 2.000e+00 2.000e+00 2.000e+00 2.000e+00 2.000e+00
 2.000e+00 2.000e+00 2.000e+00 2.000e+00 2.000e+00 2.000e+00 2.000e+00 2.000e+00
 2.000e+00 2.000e+00 2.000e+00 2.000e+00 2.000e+00 2.000e+00 2.000e+00 2.000e+00
 2.000e+00 2.000e+00 2.000e+00 2.000e+00 2.000e+00 2.000e+00 2.000e+00 2.000e+00
 2.000e+00 2.000e+00 2.000e+00 2.000e+00 2.000e+00 2.000e+00 2.000e+00 2.000e+00
 2.000e+00 2.000e+00 2.000e+00 2.000e+00 2.000e+00 2.000e+00 2.000e+00 2.000e+00
 2.000e+00 2.000e+00 2.000e+00 2.000e+00 2.000e+00 2.000e+00 2.000e+00 2.000e+00
 2.000e+00 2.000e+00 2.000e+00 2.000e+00 2.000e+00 2.000e+00 2.000e+00 2.000e+00
 2.000e+00 2.000e+00 2.000e+00 2.000e+00 2.000e+00 2.000e+00 2.000e+00 2.000e+00
 2.000e+00 2.000e+00 2.000e+00 2.000e+00 2.000e+00 2.000e+00 2.000e+00 2.000e+00
 2.000e+00 2.000e+00 2.000e+00 2.000e+00 2.000e+00 2.000e+00 2.000e+00 2.000e+00
<Z> in equilibrium - infinite confinement
 5.007e-06 1.708e-05 5.459e-05 1.639e-04 4.636e-04 1.240e-03 3.145e-03 7.575e-03
 1.733e-02 3.759e-02 7.668e-02 1.453e-01 2.512e-01 3.903e-01 5.420e-01 6.799e-01
 7.874e-01 8.628e-01 9.123e-01 9.439e-01 9.638e-01 9.763e-01 9.844e-01 9.897e-01
 9.935e-01 9.968e-01 1.001e+00 1.006e+00 1.016e+00 1.033e+00 1.063e+00 1.112e+00
 1.186e+00 1.287e+00 1.407e+00 1.534e+00 1.651e+00 1.747e+00 1.822e+00 1.875e+00
 1.913e+00 1.939e+00 1.957e+00 1.969e+00 1.978e+00 1.984e+00 1.988e+00 1.991e+00
 1.993e+00 1.995e+00 1.996e+00 1.997e+00 1.998e+00 1.998e+00 1.998e+00 1.999e+00
 1.999e+00 1.999e+00 1.999e+00 1.999e+00 2.000e+00 2.000e+00 2.000e+00 2.000e+00
 2.000e+00 2.000e+00 2.000e+00 2.000e+00 2.000e+00 2.000e+00 2.000e+00 2.000e+00
 2.000e+00 2.000e+00 2.000e+00 2.000e+00 2.000e+00 2.000e+00 2.000e+00 2.000e+00
 2.000e+00 2.000e+00 2.000e+00 2.000e+00 2.000e+00 2.000e+00 2.000e+00 2.000e+00
 2.000e+00 2.000e+00 2.000e+00 2.000e+00 2.000e+00 2.000e+00 2.000e+00 2.000e+00
 2.000e+00 2.000e+00 2.000e+00 2.000e+00 2.000e+00 2.000e+00 2.000e+00 2.000e+00
 2.000e+00 2.000e+00 2.000e+00 2.000e+00 2.000e+00 2.000e+00 2.000e+00 2.000e+00
 2.000e+00 2.000e+00 2.000e+00 2.000e+00 2.000e+00 2.000e+00 2.000e+00 2.000e+00
 2.000e+00 2.000e+00 2.000e+00 2.000e+00 2.000e+00 2.000e+00 2.000e+00 2.000e+00
 2.000e+00 2.000e+00 2.000e+00 2.000e+00 2.000e+00 2.000e+00 2.000e+00 2.000e+00
 2.000e+00 2.000e+00 2.000e+00 2.000e+00 2.000e+00 2.000e+00 2.000e+00 2.000e+00
 2.000e+00 2.000e+00 2.000e+00 2.000e+00 2.000e+00 2.000e+00 2.000e+00 2.000e+00
 2.000e+00 2.000e+00 2.000e+00 2.000e+00 2.000e+00 2.000e+00 2.000e+00 2.000e+00
 2.000e+00 2.000e+00 2.000e+00 2.000e+00 2.000e+00 2.000e+00 2.000e+00 2.000e+00
 2.000e+00 2.000e+00 2.000e+00 2.000e+00 2.000e+00 2.000e+00 2.000e+00 2.000e+00
 2.000e+00 2.000e+00 2.000e+00 2.000e+00 2.000e+00 2.000e+00 2.000e+00 2.000e+00
 2.000e+00 2.000e+00 2.000e+00 2.000e+00 2.000e+00 2.000e+00 2.000e+00 2.000e+00
 2.000e+00 2.000e+00 2.000e+00 2.000e+00 2.000e+00 2.000e+00 2.000e+00 2.000e+00
C-------------------------------------------------------------------------------
C
C  The fractional abundance and radiated power were generated from the
C  ADAS installation at UKAEA with the named adf11 files. The adf11 data
C  files may be updated in a later release of ADAS and publicly
C  available versions may be found at https://open.adas.ac.uk/.
C
C  The equilibrium balance data was produced with run_adas405.py and
C  the balance with a confinement time with adas4xx_ionbal_tau.py
C  which are functions from the ADAS library. Details on these codes
C  may be found at: https://www.adas.ac.uk/python_lib/index.html
C
C  Copyright (C) 2023 UK Atomic Energy Authority
C
C  This file was generated for use in the UKAEA systems code PROCESS
C  using a script written by Martin O'Mullane.
C  If acquired without provenance a user is strongly advised
C  to check its validity by re-generating using the adf11 files from
C  the OPEN-ADAS site.
C
C  Produced by : Timothy Nunn
C  Date        : 24-05-23
C
C-------------------------------------------------------------------------------
