Radiated power per atom (W m3) as a function dwell time.
Temperature :      1.0 -  40000.0 eV
Density     : 1.00e+20 m-3
   200     5  # Te values, dwell time

Source data:
acd : /home/adas/adas/adf11/acd89/acd89_kr.dat
scd : /home/adas/adas/adf11/scd89/scd89_kr.dat
plt : /home/adas/adas/adf11/plt89/plt89_kr.dat
prb : /home/adas/adas/adf11/prb89/prb89_kr.dat

Te[eV]
 1.000e+00 1.055e+00 1.112e+00 1.173e+00 1.237e+00 1.305e+00 1.376e+00 1.452e+00
 1.531e+00 1.615e+00 1.703e+00 1.796e+00 1.895e+00 1.998e+00 2.107e+00 2.223e+00
 2.344e+00 2.473e+00 2.608e+00 2.750e+00 2.901e+00 3.059e+00 3.227e+00 3.403e+00
 3.589e+00 3.786e+00 3.993e+00 4.211e+00 4.441e+00 4.684e+00 4.941e+00 5.211e+00
 5.496e+00 5.796e+00 6.113e+00 6.448e+00 6.800e+00 7.172e+00 7.565e+00 7.978e+00
 8.415e+00 8.875e+00 9.360e+00 9.872e+00 1.041e+01 1.098e+01 1.158e+01 1.222e+01
 1.288e+01 1.359e+01 1.433e+01 1.512e+01 1.594e+01 1.681e+01 1.773e+01 1.870e+01
 1.973e+01 2.081e+01 2.194e+01 2.314e+01 2.441e+01 2.574e+01 2.715e+01 2.864e+01
 3.020e+01 3.186e+01 3.360e+01 3.544e+01 3.737e+01 3.942e+01 4.157e+01 4.385e+01
 4.625e+01 4.877e+01 5.144e+01 5.426e+01 5.722e+01 6.035e+01 6.365e+01 6.713e+01
 7.081e+01 7.468e+01 7.876e+01 8.307e+01 8.761e+01 9.241e+01 9.746e+01 1.028e+02
 1.084e+02 1.143e+02 1.206e+02 1.272e+02 1.341e+02 1.415e+02 1.492e+02 1.574e+02
 1.660e+02 1.751e+02 1.846e+02 1.947e+02 2.054e+02 2.166e+02 2.285e+02 2.410e+02
 2.542e+02 2.681e+02 2.827e+02 2.982e+02 3.145e+02 3.317e+02 3.498e+02 3.690e+02
 3.891e+02 4.104e+02 4.329e+02 4.565e+02 4.815e+02 5.078e+02 5.356e+02 5.649e+02
 5.958e+02 6.284e+02 6.628e+02 6.990e+02 7.373e+02 7.776e+02 8.201e+02 8.650e+02
 9.123e+02 9.622e+02 1.015e+03 1.070e+03 1.129e+03 1.191e+03 1.256e+03 1.324e+03
 1.397e+03 1.473e+03 1.554e+03 1.639e+03 1.728e+03 1.823e+03 1.923e+03 2.028e+03
 2.139e+03 2.256e+03 2.379e+03 2.509e+03 2.646e+03 2.791e+03 2.944e+03 3.105e+03
 3.274e+03 3.454e+03 3.642e+03 3.842e+03 4.052e+03 4.273e+03 4.507e+03 4.754e+03
 5.014e+03 5.288e+03 5.577e+03 5.882e+03 6.204e+03 6.543e+03 6.901e+03 7.278e+03
 7.676e+03 8.096e+03 8.539e+03 9.006e+03 9.499e+03 1.002e+04 1.057e+04 1.114e+04
 1.175e+04 1.240e+04 1.307e+04 1.379e+04 1.454e+04 1.534e+04 1.618e+04 1.706e+04
 1.800e+04 1.898e+04 2.002e+04 2.111e+04 2.227e+04 2.349e+04 2.477e+04 2.612e+04
 2.755e+04 2.906e+04 3.065e+04 3.233e+04 3.409e+04 3.596e+04 3.793e+04 4.000e+04
Lz[Wm**3] for tau[ms]=    0.1
 3.238e-37 5.824e-37 1.040e-36 1.828e-36 3.141e-36 5.230e-36 8.369e-36 1.285e-35
 1.895e-35 2.687e-35 3.675e-35 4.875e-35 6.329e-35 8.135e-35 1.049e-34 1.370e-34
 1.821e-34 2.459e-34 3.361e-34 4.635e-34 6.429e-34 8.953e-34 1.249e-33 1.737e-33
 2.398e-33 3.268e-33 4.378e-33 5.754e-33 7.421e-33 9.409e-33 1.176e-32 1.453e-32
 1.777e-32 2.155e-32 2.590e-32 3.081e-32 3.623e-32 4.211e-32 4.835e-32 5.488e-32
 6.165e-32 6.865e-32 7.590e-32 8.347e-32 9.142e-32 9.986e-32 1.089e-31 1.187e-31
 1.293e-31 1.407e-31 1.531e-31 1.664e-31 1.803e-31 1.946e-31 2.090e-31 2.231e-31
 2.364e-31 2.486e-31 2.594e-31 2.683e-31 2.752e-31 2.799e-31 2.823e-31 2.824e-31
 2.801e-31 2.758e-31 2.696e-31 2.617e-31 2.524e-31 2.419e-31 2.305e-31 2.186e-31
 2.061e-31 1.935e-31 1.809e-31 1.684e-31 1.563e-31 1.448e-31 1.340e-31 1.240e-31
 1.149e-31 1.069e-31 9.983e-32 9.379e-32 8.871e-32 8.453e-32 8.119e-32 7.860e-32
 7.669e-32 7.539e-32 7.465e-32 7.438e-32 7.454e-32 7.506e-32 7.590e-32 7.701e-32
 7.834e-32 7.986e-32 8.152e-32 8.331e-32 8.520e-32 8.716e-32 8.918e-32 9.125e-32
 9.334e-32 9.544e-32 9.752e-32 9.957e-32 1.016e-31 1.034e-31 1.052e-31 1.068e-31
 1.082e-31 1.094e-31 1.103e-31 1.110e-31 1.115e-31 1.116e-31 1.116e-31 1.112e-31
 1.107e-31 1.099e-31 1.090e-31 1.078e-31 1.065e-31 1.051e-31 1.036e-31 1.019e-31
 1.002e-31 9.838e-32 9.651e-32 9.459e-32 9.265e-32 9.067e-32 8.868e-32 8.669e-32
 8.470e-32 8.271e-32 8.074e-32 7.878e-32 7.685e-32 7.494e-32 7.307e-32 7.123e-32
 6.942e-32 6.764e-32 6.591e-32 6.421e-32 6.256e-32 6.094e-32 5.936e-32 5.782e-32
 5.632e-32 5.485e-32 5.343e-32 5.204e-32 5.069e-32 4.937e-32 4.809e-32 4.685e-32
 4.563e-32 4.446e-32 4.331e-32 4.219e-32 4.110e-32 4.005e-32 3.902e-32 3.802e-32
 3.704e-32 3.610e-32 3.518e-32 3.428e-32 3.341e-32 3.256e-32 3.173e-32 3.093e-32
 3.015e-32 2.939e-32 2.865e-32 2.792e-32 2.722e-32 2.654e-32 2.588e-32 2.523e-32
 2.460e-32 2.399e-32 2.339e-32 2.281e-32 2.225e-32 2.170e-32 2.116e-32 2.064e-32
 2.013e-32 1.964e-32 1.916e-32 1.869e-32 1.824e-32 1.779e-32 1.736e-32 1.694e-32
Lz[Wm**3] for tau[ms]=    1.0
 3.224e-37 5.765e-37 1.017e-36 1.748e-36 2.884e-36 4.495e-36 6.539e-36 8.898e-36
 1.153e-35 1.463e-35 1.880e-35 2.505e-35 3.488e-35 5.046e-35 7.499e-35 1.135e-34
 1.742e-34 2.698e-34 4.191e-34 6.458e-34 9.750e-34 1.430e-33 2.030e-33 2.796e-33
 3.759e-33 4.965e-33 6.480e-33 8.390e-33 1.078e-32 1.373e-32 1.724e-32 2.129e-32
 2.579e-32 3.067e-32 3.585e-32 4.130e-32 4.700e-32 5.300e-32 5.935e-32 6.611e-32
 7.337e-32 8.121e-32 8.973e-32 9.904e-32 1.093e-31 1.205e-31 1.329e-31 1.465e-31
 1.610e-31 1.763e-31 1.920e-31 2.076e-31 2.226e-31 2.363e-31 2.481e-31 2.575e-31
 2.639e-31 2.669e-31 2.664e-31 2.625e-31 2.554e-31 2.459e-31 2.344e-31 2.217e-31
 2.081e-31 1.940e-31 1.797e-31 1.652e-31 1.506e-31 1.360e-31 1.214e-31 1.072e-31
 9.354e-32 8.092e-32 6.968e-32 6.017e-32 5.259e-32 4.697e-32 4.318e-32 4.103e-32
 4.026e-32 4.063e-32 4.194e-32 4.403e-32 4.679e-32 5.013e-32 5.398e-32 5.824e-32
 6.284e-32 6.767e-32 7.264e-32 7.766e-32 8.267e-32 8.763e-32 9.252e-32 9.734e-32
 1.021e-31 1.068e-31 1.114e-31 1.161e-31 1.207e-31 1.253e-31 1.298e-31 1.342e-31
 1.385e-31 1.425e-31 1.461e-31 1.492e-31 1.518e-31 1.535e-31 1.543e-31 1.541e-31
 1.528e-31 1.504e-31 1.470e-31 1.428e-31 1.379e-31 1.326e-31 1.270e-31 1.214e-31
 1.158e-31 1.103e-31 1.050e-31 9.998e-32 9.516e-32 9.059e-32 8.629e-32 8.225e-32
 7.848e-32 7.497e-32 7.172e-32 6.871e-32 6.594e-32 6.339e-32 6.106e-32 5.892e-32
 5.696e-32 5.517e-32 5.354e-32 5.203e-32 5.065e-32 4.937e-32 4.817e-32 4.703e-32
 4.595e-32 4.490e-32 4.387e-32 4.286e-32 4.186e-32 4.087e-32 3.988e-32 3.889e-32
 3.791e-32 3.695e-32 3.599e-32 3.504e-32 3.412e-32 3.321e-32 3.232e-32 3.146e-32
 3.061e-32 2.980e-32 2.900e-32 2.823e-32 2.749e-32 2.677e-32 2.608e-32 2.541e-32
 2.477e-32 2.415e-32 2.355e-32 2.298e-32 2.243e-32 2.190e-32 2.139e-32 2.090e-32
 2.043e-32 1.997e-32 1.954e-32 1.912e-32 1.872e-32 1.834e-32 1.797e-32 1.762e-32
 1.728e-32 1.695e-32 1.664e-32 1.634e-32 1.605e-32 1.577e-32 1.551e-32 1.525e-32
 1.501e-32 1.478e-32 1.455e-32 1.434e-32 1.413e-32 1.393e-32 1.375e-32 1.357e-32
Lz[Wm**3] for tau[ms]=   10.0
 3.101e-37 5.259e-37 8.432e-37 1.245e-36 1.678e-36 2.115e-36 2.633e-36 3.431e-36
 4.815e-36 7.237e-36 1.141e-35 1.858e-35 3.101e-35 5.290e-35 9.168e-35 1.587e-34
 2.677e-34 4.316e-34 6.616e-34 9.697e-34 1.373e-33 1.897e-33 2.584e-33 3.491e-33
 4.692e-33 6.270e-33 8.292e-33 1.079e-32 1.375e-32 1.713e-32 2.087e-32 2.493e-32
 2.927e-32 3.389e-32 3.880e-32 4.402e-32 4.960e-32 5.558e-32 6.204e-32 6.901e-32
 7.657e-32 8.478e-32 9.376e-32 1.036e-31 1.145e-31 1.265e-31 1.397e-31 1.539e-31
 1.690e-31 1.847e-31 2.005e-31 2.159e-31 2.301e-31 2.425e-31 2.523e-31 2.588e-31
 2.614e-31 2.600e-31 2.546e-31 2.459e-31 2.345e-31 2.215e-31 2.075e-31 1.930e-31
 1.784e-31 1.636e-31 1.488e-31 1.339e-31 1.187e-31 1.036e-31 8.855e-32 7.415e-32
 6.090e-32 4.940e-32 4.014e-32 3.340e-32 2.918e-32 2.723e-32 2.715e-32 2.852e-32
 3.096e-32 3.424e-32 3.818e-32 4.272e-32 4.783e-32 5.345e-32 5.948e-32 6.574e-32
 7.202e-32 7.815e-32 8.402e-32 8.961e-32 9.494e-32 1.000e-31 1.050e-31 1.098e-31
 1.145e-31 1.192e-31 1.239e-31 1.286e-31 1.332e-31 1.379e-31 1.425e-31 1.470e-31
 1.512e-31 1.552e-31 1.586e-31 1.614e-31 1.633e-31 1.638e-31 1.627e-31 1.591e-31
 1.525e-31 1.428e-31 1.310e-31 1.188e-31 1.076e-31 9.795e-32 8.981e-32 8.288e-32
 7.689e-32 7.161e-32 6.693e-32 6.276e-32 5.904e-32 5.573e-32 5.280e-32 5.022e-32
 4.796e-32 4.599e-32 4.430e-32 4.284e-32 4.160e-32 4.056e-32 3.969e-32 3.897e-32
 3.839e-32 3.791e-32 3.751e-32 3.716e-32 3.680e-32 3.639e-32 3.585e-32 3.514e-32
 3.420e-32 3.303e-32 3.165e-32 3.013e-32 2.853e-32 2.693e-32 2.537e-32 2.388e-32
 2.249e-32 2.119e-32 1.999e-32 1.890e-32 1.789e-32 1.698e-32 1.616e-32 1.542e-32
 1.475e-32 1.415e-32 1.361e-32 1.313e-32 1.270e-32 1.232e-32 1.199e-32 1.169e-32
 1.142e-32 1.118e-32 1.098e-32 1.079e-32 1.063e-32 1.049e-32 1.036e-32 1.025e-32
 1.016e-32 1.007e-32 9.999e-33 9.935e-33 9.878e-33 9.830e-33 9.787e-33 9.751e-33
 9.720e-33 9.694e-33 9.673e-33 9.655e-33 9.641e-33 9.630e-33 9.624e-33 9.620e-33
 9.620e-33 9.624e-33 9.631e-33 9.642e-33 9.656e-33 9.674e-33 9.696e-33 9.722e-33
Lz[Wm**3] for tau[ms]=  100.0
 2.501e-37 3.421e-37 4.239e-37 5.009e-37 6.126e-37 8.324e-37 1.271e-36 2.104e-36
 3.623e-36 6.355e-36 1.134e-35 2.073e-35 3.876e-35 7.229e-35 1.298e-34 2.191e-34
 3.474e-34 5.231e-34 7.580e-34 1.069e-33 1.482e-33 2.032e-33 2.771e-33 3.764e-33
 5.084e-33 6.795e-33 8.936e-33 1.151e-32 1.449e-32 1.784e-32 2.152e-32 2.550e-32
 2.976e-32 3.432e-32 3.918e-32 4.437e-32 4.993e-32 5.593e-32 6.240e-32 6.941e-32
 7.700e-32 8.525e-32 9.428e-32 1.042e-31 1.151e-31 1.272e-31 1.405e-31 1.548e-31
 1.700e-31 1.857e-31 2.015e-31 2.168e-31 2.309e-31 2.430e-31 2.525e-31 2.586e-31
 2.607e-31 2.586e-31 2.525e-31 2.432e-31 2.314e-31 2.180e-31 2.037e-31 1.891e-31
 1.744e-31 1.596e-31 1.447e-31 1.296e-31 1.144e-31 9.913e-32 8.403e-32 6.959e-32
 5.642e-32 4.513e-32 3.622e-32 2.997e-32 2.631e-32 2.494e-32 2.542e-32 2.730e-32
 3.019e-32 3.385e-32 3.815e-32 4.304e-32 4.849e-32 5.447e-32 6.083e-32 6.736e-32
 7.383e-32 8.006e-32 8.595e-32 9.151e-32 9.679e-32 1.018e-31 1.067e-31 1.115e-31
 1.162e-31 1.208e-31 1.254e-31 1.301e-31 1.347e-31 1.394e-31 1.440e-31 1.485e-31
 1.527e-31 1.566e-31 1.601e-31 1.628e-31 1.645e-31 1.648e-31 1.631e-31 1.582e-31
 1.493e-31 1.363e-31 1.211e-31 1.068e-31 9.507e-32 8.587e-32 7.858e-32 7.259e-32
 6.747e-32 6.298e-32 5.900e-32 5.544e-32 5.228e-32 4.949e-32 4.703e-32 4.489e-32
 4.305e-32 4.147e-32 4.012e-32 3.900e-32 3.807e-32 3.732e-32 3.672e-32 3.625e-32
 3.590e-32 3.564e-32 3.543e-32 3.524e-32 3.499e-32 3.462e-32 3.401e-32 3.307e-32
 3.173e-32 3.000e-32 2.797e-32 2.579e-32 2.361e-32 2.154e-32 1.964e-32 1.793e-32
 1.642e-32 1.509e-32 1.392e-32 1.291e-32 1.203e-32 1.127e-32 1.063e-32 1.008e-32
 9.620e-33 9.236e-33 8.917e-33 8.655e-33 8.443e-33 8.273e-33 8.141e-33 8.040e-33
 7.967e-33 7.918e-33 7.889e-33 7.877e-33 7.879e-33 7.895e-33 7.920e-33 7.955e-33
 7.996e-33 8.044e-33 8.096e-33 8.152e-33 8.211e-33 8.273e-33 8.335e-33 8.399e-33
 8.463e-33 8.528e-33 8.592e-33 8.656e-33 8.719e-33 8.782e-33 8.844e-33 8.907e-33
 8.970e-33 9.033e-33 9.098e-33 9.163e-33 9.229e-33 9.297e-33 9.366e-33 9.438e-33
Lz[Wm**3] for tau[ms]= 1000.0
 1.934e-37 2.280e-37 2.590e-37 3.086e-37 4.161e-37 6.458e-37 1.102e-36 1.959e-36
 3.523e-36 6.380e-36 1.175e-35 2.222e-35 4.261e-35 7.982e-35 1.411e-34 2.328e-34
 3.616e-34 5.368e-34 7.711e-34 1.083e-33 1.497e-33 2.052e-33 2.800e-33 3.806e-33
 5.141e-33 6.868e-33 9.020e-33 1.160e-32 1.458e-32 1.792e-32 2.159e-32 2.556e-32
 2.981e-32 3.436e-32 3.921e-32 4.440e-32 4.997e-32 5.596e-32 6.244e-32 6.945e-32
 7.704e-32 8.530e-32 9.433e-32 1.043e-31 1.152e-31 1.273e-31 1.405e-31 1.549e-31
 1.701e-31 1.858e-31 2.016e-31 2.169e-31 2.309e-31 2.431e-31 2.526e-31 2.586e-31
 2.606e-31 2.584e-31 2.523e-31 2.429e-31 2.310e-31 2.176e-31 2.033e-31 1.887e-31
 1.739e-31 1.591e-31 1.442e-31 1.292e-31 1.140e-31 9.867e-32 8.356e-32 6.912e-32
 5.595e-32 4.468e-32 3.582e-32 2.961e-32 2.601e-32 2.471e-32 2.525e-32 2.718e-32
 3.012e-32 3.382e-32 3.816e-32 4.308e-32 4.857e-32 5.458e-32 6.098e-32 6.754e-32
 7.403e-32 8.027e-32 8.616e-32 9.172e-32 9.698e-32 1.020e-31 1.069e-31 1.116e-31
 1.163e-31 1.210e-31 1.256e-31 1.302e-31 1.349e-31 1.395e-31 1.441e-31 1.486e-31
 1.529e-31 1.568e-31 1.602e-31 1.629e-31 1.646e-31 1.649e-31 1.631e-31 1.581e-31
 1.488e-31 1.353e-31 1.197e-31 1.052e-31 9.348e-32 8.439e-32 7.725e-32 7.140e-32
 6.641e-32 6.202e-32 5.812e-32 5.464e-32 5.155e-32 4.882e-32 4.642e-32 4.433e-32
 4.253e-32 4.099e-32 3.969e-32 3.860e-32 3.770e-32 3.698e-32 3.641e-32 3.597e-32
 3.564e-32 3.540e-32 3.522e-32 3.504e-32 3.480e-32 3.443e-32 3.380e-32 3.282e-32
 3.142e-32 2.959e-32 2.745e-32 2.516e-32 2.289e-32 2.076e-32 1.882e-32 1.710e-32
 1.558e-32 1.425e-32 1.310e-32 1.210e-32 1.125e-32 1.053e-32 9.914e-33 9.401e-33
 8.975e-33 8.623e-33 8.338e-33 8.108e-33 7.927e-33 7.787e-33 7.684e-33 7.610e-33
 7.563e-33 7.539e-33 7.533e-33 7.544e-33 7.568e-33 7.603e-33 7.648e-33 7.701e-33
 7.761e-33 7.825e-33 7.894e-33 7.966e-33 8.040e-33 8.115e-33 8.192e-33 8.269e-33
 8.345e-33 8.422e-33 8.498e-33 8.572e-33 8.646e-33 8.718e-33 8.790e-33 8.861e-33
 8.933e-33 9.004e-33 9.076e-33 9.149e-33 9.222e-33 9.296e-33 9.371e-33 9.449e-33
Lz[Wm**3] in equilibrium - infinite confinement
 1.812e-37 2.083e-37 2.351e-37 2.838e-37 3.924e-37 6.241e-37 1.083e-36 1.943e-36
 3.514e-36 6.390e-36 1.182e-35 2.247e-35 4.320e-35 8.090e-35 1.426e-34 2.345e-34
 3.633e-34 5.384e-34 7.725e-34 1.084e-33 1.499e-33 2.055e-33 2.803e-33 3.811e-33
 5.148e-33 6.876e-33 9.029e-33 1.161e-32 1.459e-32 1.793e-32 2.159e-32 2.556e-32
 2.982e-32 3.437e-32 3.922e-32 4.441e-32 4.997e-32 5.596e-32 6.244e-32 6.945e-32
 7.705e-32 8.531e-32 9.434e-32 1.043e-31 1.152e-31 1.273e-31 1.406e-31 1.549e-31
 1.701e-31 1.858e-31 2.016e-31 2.169e-31 2.310e-31 2.431e-31 2.526e-31 2.586e-31
 2.606e-31 2.584e-31 2.523e-31 2.429e-31 2.310e-31 2.176e-31 2.033e-31 1.887e-31
 1.739e-31 1.591e-31 1.442e-31 1.292e-31 1.139e-31 9.861e-32 8.350e-32 6.906e-32
 5.590e-32 4.463e-32 3.577e-32 2.957e-32 2.598e-32 2.468e-32 2.523e-32 2.716e-32
 3.011e-32 3.382e-32 3.816e-32 4.308e-32 4.858e-32 5.459e-32 6.100e-32 6.756e-32
 7.405e-32 8.029e-32 8.618e-32 9.174e-32 9.700e-32 1.020e-31 1.069e-31 1.117e-31
 1.163e-31 1.210e-31 1.256e-31 1.303e-31 1.349e-31 1.396e-31 1.441e-31 1.486e-31
 1.529e-31 1.568e-31 1.602e-31 1.629e-31 1.647e-31 1.649e-31 1.631e-31 1.581e-31
 1.488e-31 1.352e-31 1.196e-31 1.050e-31 9.329e-32 8.422e-32 7.710e-32 7.127e-32
 6.629e-32 6.192e-32 5.803e-32 5.456e-32 5.147e-32 4.874e-32 4.635e-32 4.427e-32
 4.247e-32 4.094e-32 3.964e-32 3.855e-32 3.766e-32 3.694e-32 3.637e-32 3.594e-32
 3.562e-32 3.538e-32 3.519e-32 3.502e-32 3.478e-32 3.440e-32 3.378e-32 3.279e-32
 3.138e-32 2.954e-32 2.739e-32 2.509e-32 2.281e-32 2.067e-32 1.873e-32 1.700e-32
 1.548e-32 1.415e-32 1.300e-32 1.201e-32 1.116e-32 1.044e-32 9.833e-33 9.323e-33
 8.901e-33 8.554e-33 8.272e-33 8.046e-33 7.868e-33 7.732e-33 7.632e-33 7.562e-33
 7.518e-33 7.496e-33 7.493e-33 7.506e-33 7.533e-33 7.571e-33 7.618e-33 7.673e-33
 7.734e-33 7.801e-33 7.871e-33 7.945e-33 8.021e-33 8.098e-33 8.176e-33 8.254e-33
 8.333e-33 8.410e-33 8.487e-33 8.563e-33 8.638e-33 8.712e-33 8.785e-33 8.858e-33
 8.930e-33 9.001e-33 9.073e-33 9.146e-33 9.220e-33 9.295e-33 9.373e-33 9.454e-33
C-------------------------------------------------------------------------------
C
C  The fractional abundance and radiated power were generated from the
C  ADAS installation at UKAEA with the named adf11 files. The adf11 data
C  files may be updated in a later release of ADAS and publicly
C  available versions may be found at https://open.adas.ac.uk/.
C
C  The equilibrium balance data was produced with run_adas405.py and
C  the balance with a confinement time with adas4xx_ionbal_tau.py
C  which are functions from the ADAS library. Details on these codes
C  may be found at: https://www.adas.ac.uk/python_lib/index.html
C
C  Copyright (C) 2023 UK Atomic Energy Authority
C
C  This file was generated for use in the UKAEA systems code PROCESS
C  using a script written by Martin O'Mullane.
C  If acquired without provenance a user is strongly advised
C  to check its validity by re-generating using the adf11 files from
C  the OPEN-ADAS site.
C
C  Produced by : Timothy Nunn
C  Date        : 24-05-23
C
C-------------------------------------------------------------------------------
