Mean quadratic charge as a function dwell time.
Temperature :      1.0 -  40000.0 eV
Density     : 1.00e+20 m-3
   200     5  # Te values, dwell time

Source data:
acd : /home/adas/adas/adf11/acd89/acd89_kr.dat
scd : /home/adas/adas/adf11/scd89/scd89_kr.dat
plt : /home/adas/adas/adf11/plt89/plt89_kr.dat
prb : /home/adas/adas/adf11/prb89/prb89_kr.dat

Te[eV]
 1.000e+00 1.055e+00 1.112e+00 1.173e+00 1.237e+00 1.305e+00 1.376e+00 1.452e+00
 1.531e+00 1.615e+00 1.703e+00 1.796e+00 1.895e+00 1.998e+00 2.107e+00 2.223e+00
 2.344e+00 2.473e+00 2.608e+00 2.750e+00 2.901e+00 3.059e+00 3.227e+00 3.403e+00
 3.589e+00 3.786e+00 3.993e+00 4.211e+00 4.441e+00 4.684e+00 4.941e+00 5.211e+00
 5.496e+00 5.796e+00 6.113e+00 6.448e+00 6.800e+00 7.172e+00 7.565e+00 7.978e+00
 8.415e+00 8.875e+00 9.360e+00 9.872e+00 1.041e+01 1.098e+01 1.158e+01 1.222e+01
 1.288e+01 1.359e+01 1.433e+01 1.512e+01 1.594e+01 1.681e+01 1.773e+01 1.870e+01
 1.973e+01 2.081e+01 2.194e+01 2.314e+01 2.441e+01 2.574e+01 2.715e+01 2.864e+01
 3.020e+01 3.186e+01 3.360e+01 3.544e+01 3.737e+01 3.942e+01 4.157e+01 4.385e+01
 4.625e+01 4.877e+01 5.144e+01 5.426e+01 5.722e+01 6.035e+01 6.365e+01 6.713e+01
 7.081e+01 7.468e+01 7.876e+01 8.307e+01 8.761e+01 9.241e+01 9.746e+01 1.028e+02
 1.084e+02 1.143e+02 1.206e+02 1.272e+02 1.341e+02 1.415e+02 1.492e+02 1.574e+02
 1.660e+02 1.751e+02 1.846e+02 1.947e+02 2.054e+02 2.166e+02 2.285e+02 2.410e+02
 2.542e+02 2.681e+02 2.827e+02 2.982e+02 3.145e+02 3.317e+02 3.498e+02 3.690e+02
 3.891e+02 4.104e+02 4.329e+02 4.565e+02 4.815e+02 5.078e+02 5.356e+02 5.649e+02
 5.958e+02 6.284e+02 6.628e+02 6.990e+02 7.373e+02 7.776e+02 8.201e+02 8.650e+02
 9.123e+02 9.622e+02 1.015e+03 1.070e+03 1.129e+03 1.191e+03 1.256e+03 1.324e+03
 1.397e+03 1.473e+03 1.554e+03 1.639e+03 1.728e+03 1.823e+03 1.923e+03 2.028e+03
 2.139e+03 2.256e+03 2.379e+03 2.509e+03 2.646e+03 2.791e+03 2.944e+03 3.105e+03
 3.274e+03 3.454e+03 3.642e+03 3.842e+03 4.052e+03 4.273e+03 4.507e+03 4.754e+03
 5.014e+03 5.288e+03 5.577e+03 5.882e+03 6.204e+03 6.543e+03 6.901e+03 7.278e+03
 7.676e+03 8.096e+03 8.539e+03 9.006e+03 9.499e+03 1.002e+04 1.057e+04 1.114e+04
 1.175e+04 1.240e+04 1.307e+04 1.379e+04 1.454e+04 1.534e+04 1.618e+04 1.706e+04
 1.800e+04 1.898e+04 2.002e+04 2.111e+04 2.227e+04 2.349e+04 2.477e+04 2.612e+04
 2.755e+04 2.906e+04 3.065e+04 3.233e+04 3.409e+04 3.596e+04 3.793e+04 4.000e+04
sqrt(<Z^2>) for tau[ms]=    0.1
 2.682e-02 3.820e-02 5.417e-02 7.617e-02 1.057e-01 1.442e-01 1.922e-01 2.502e-01
 3.179e-01 3.941e-01 4.760e-01 5.601e-01 6.418e-01 7.166e-01 7.821e-01 8.376e-01
 8.850e-01 9.273e-01 9.687e-01 1.014e+00 1.066e+00 1.129e+00 1.204e+00 1.290e+00
 1.383e+00 1.479e+00 1.573e+00 1.663e+00 1.747e+00 1.827e+00 1.906e+00 1.987e+00
 2.073e+00 2.163e+00 2.259e+00 2.357e+00 2.455e+00 2.552e+00 2.647e+00 2.741e+00
 2.835e+00 2.931e+00 3.029e+00 3.132e+00 3.238e+00 3.349e+00 3.461e+00 3.577e+00
 3.694e+00 3.814e+00 3.935e+00 4.057e+00 4.180e+00 4.305e+00 4.430e+00 4.555e+00
 4.681e+00 4.807e+00 4.933e+00 5.059e+00 5.185e+00 5.310e+00 5.435e+00 5.559e+00
 5.682e+00 5.805e+00 5.927e+00 6.047e+00 6.168e+00 6.287e+00 6.408e+00 6.529e+00
 6.652e+00 6.779e+00 6.910e+00 7.047e+00 7.190e+00 7.339e+00 7.494e+00 7.655e+00
 7.821e+00 7.992e+00 8.166e+00 8.344e+00 8.524e+00 8.707e+00 8.891e+00 9.076e+00
 9.263e+00 9.450e+00 9.638e+00 9.827e+00 1.002e+01 1.020e+01 1.039e+01 1.058e+01
 1.077e+01 1.095e+01 1.114e+01 1.132e+01 1.150e+01 1.168e+01 1.185e+01 1.203e+01
 1.220e+01 1.236e+01 1.253e+01 1.269e+01 1.285e+01 1.300e+01 1.316e+01 1.331e+01
 1.346e+01 1.361e+01 1.376e+01 1.391e+01 1.406e+01 1.421e+01 1.435e+01 1.449e+01
 1.464e+01 1.478e+01 1.492e+01 1.505e+01 1.518e+01 1.531e+01 1.544e+01 1.556e+01
 1.568e+01 1.580e+01 1.591e+01 1.601e+01 1.612e+01 1.622e+01 1.631e+01 1.640e+01
 1.649e+01 1.657e+01 1.665e+01 1.672e+01 1.679e+01 1.686e+01 1.692e+01 1.698e+01
 1.703e+01 1.709e+01 1.713e+01 1.718e+01 1.722e+01 1.726e+01 1.729e+01 1.732e+01
 1.735e+01 1.738e+01 1.740e+01 1.742e+01 1.744e+01 1.745e+01 1.746e+01 1.747e+01
 1.748e+01 1.748e+01 1.748e+01 1.748e+01 1.748e+01 1.747e+01 1.747e+01 1.746e+01
 1.745e+01 1.743e+01 1.742e+01 1.740e+01 1.738e+01 1.736e+01 1.733e+01 1.731e+01
 1.728e+01 1.725e+01 1.722e+01 1.719e+01 1.716e+01 1.712e+01 1.708e+01 1.705e+01
 1.701e+01 1.697e+01 1.692e+01 1.688e+01 1.683e+01 1.679e+01 1.674e+01 1.669e+01
 1.664e+01 1.659e+01 1.654e+01 1.649e+01 1.643e+01 1.638e+01 1.632e+01 1.626e+01
sqrt(<Z^2>) for tau[ms]=    1.0
 8.440e-02 1.198e-01 1.688e-01 2.345e-01 3.183e-01 4.180e-01 5.261e-01 6.325e-01
 7.275e-01 8.054e-01 8.655e-01 9.109e-01 9.465e-01 9.783e-01 1.013e+00 1.058e+00
 1.119e+00 1.202e+00 1.305e+00 1.422e+00 1.541e+00 1.652e+00 1.749e+00 1.833e+00
 1.908e+00 1.980e+00 2.059e+00 2.148e+00 2.248e+00 2.358e+00 2.471e+00 2.581e+00
 2.683e+00 2.778e+00 2.867e+00 2.955e+00 3.046e+00 3.143e+00 3.247e+00 3.358e+00
 3.473e+00 3.590e+00 3.706e+00 3.822e+00 3.938e+00 4.055e+00 4.174e+00 4.295e+00
 4.420e+00 4.547e+00 4.677e+00 4.811e+00 4.948e+00 5.089e+00 5.234e+00 5.383e+00
 5.535e+00 5.690e+00 5.846e+00 6.002e+00 6.155e+00 6.304e+00 6.446e+00 6.583e+00
 6.714e+00 6.842e+00 6.969e+00 7.098e+00 7.234e+00 7.380e+00 7.539e+00 7.714e+00
 7.907e+00 8.116e+00 8.340e+00 8.578e+00 8.824e+00 9.077e+00 9.334e+00 9.592e+00
 9.850e+00 1.011e+01 1.036e+01 1.062e+01 1.088e+01 1.114e+01 1.140e+01 1.167e+01
 1.194e+01 1.221e+01 1.247e+01 1.273e+01 1.296e+01 1.319e+01 1.340e+01 1.361e+01
 1.380e+01 1.398e+01 1.416e+01 1.433e+01 1.450e+01 1.466e+01 1.483e+01 1.500e+01
 1.516e+01 1.534e+01 1.552e+01 1.571e+01 1.592e+01 1.616e+01 1.642e+01 1.672e+01
 1.706e+01 1.743e+01 1.783e+01 1.824e+01 1.865e+01 1.906e+01 1.944e+01 1.980e+01
 2.013e+01 2.044e+01 2.072e+01 2.098e+01 2.123e+01 2.145e+01 2.165e+01 2.184e+01
 2.202e+01 2.218e+01 2.233e+01 2.247e+01 2.261e+01 2.273e+01 2.285e+01 2.297e+01
 2.308e+01 2.319e+01 2.330e+01 2.341e+01 2.352e+01 2.364e+01 2.375e+01 2.387e+01
 2.400e+01 2.413e+01 2.426e+01 2.439e+01 2.452e+01 2.466e+01 2.479e+01 2.492e+01
 2.504e+01 2.517e+01 2.529e+01 2.540e+01 2.551e+01 2.562e+01 2.572e+01 2.581e+01
 2.590e+01 2.599e+01 2.607e+01 2.614e+01 2.621e+01 2.628e+01 2.634e+01 2.640e+01
 2.645e+01 2.650e+01 2.654e+01 2.658e+01 2.662e+01 2.666e+01 2.669e+01 2.671e+01
 2.673e+01 2.676e+01 2.677e+01 2.679e+01 2.680e+01 2.681e+01 2.681e+01 2.681e+01
 2.682e+01 2.681e+01 2.681e+01 2.680e+01 2.679e+01 2.678e+01 2.677e+01 2.676e+01
 2.674e+01 2.672e+01 2.670e+01 2.668e+01 2.665e+01 2.662e+01 2.660e+01 2.657e+01
sqrt(<Z^2>) for tau[ms]=   10.0
 2.550e-01 3.519e-01 4.709e-01 6.011e-01 7.233e-01 8.208e-01 8.886e-01 9.327e-01
 9.616e-01 9.836e-01 1.006e+00 1.037e+00 1.088e+00 1.167e+00 1.280e+00 1.418e+00
 1.562e+00 1.691e+00 1.793e+00 1.870e+00 1.930e+00 1.984e+00 2.040e+00 2.108e+00
 2.193e+00 2.294e+00 2.406e+00 2.520e+00 2.627e+00 2.723e+00 2.806e+00 2.880e+00
 2.949e+00 3.020e+00 3.096e+00 3.181e+00 3.276e+00 3.379e+00 3.487e+00 3.596e+00
 3.705e+00 3.811e+00 3.915e+00 4.020e+00 4.126e+00 4.235e+00 4.348e+00 4.466e+00
 4.588e+00 4.714e+00 4.845e+00 4.981e+00 5.123e+00 5.272e+00 5.428e+00 5.591e+00
 5.759e+00 5.931e+00 6.102e+00 6.270e+00 6.430e+00 6.580e+00 6.722e+00 6.856e+00
 6.985e+00 7.113e+00 7.246e+00 7.388e+00 7.544e+00 7.719e+00 7.916e+00 8.138e+00
 8.382e+00 8.647e+00 8.928e+00 9.220e+00 9.518e+00 9.815e+00 1.011e+01 1.039e+01
 1.067e+01 1.095e+01 1.122e+01 1.151e+01 1.180e+01 1.211e+01 1.243e+01 1.275e+01
 1.305e+01 1.332e+01 1.357e+01 1.378e+01 1.398e+01 1.415e+01 1.431e+01 1.447e+01
 1.461e+01 1.476e+01 1.489e+01 1.503e+01 1.517e+01 1.531e+01 1.546e+01 1.561e+01
 1.577e+01 1.594e+01 1.613e+01 1.635e+01 1.661e+01 1.693e+01 1.736e+01 1.792e+01
 1.864e+01 1.949e+01 2.037e+01 2.117e+01 2.182e+01 2.233e+01 2.273e+01 2.305e+01
 2.331e+01 2.354e+01 2.373e+01 2.389e+01 2.404e+01 2.417e+01 2.429e+01 2.439e+01
 2.449e+01 2.458e+01 2.466e+01 2.474e+01 2.482e+01 2.491e+01 2.499e+01 2.508e+01
 2.519e+01 2.531e+01 2.545e+01 2.562e+01 2.582e+01 2.607e+01 2.636e+01 2.670e+01
 2.709e+01 2.751e+01 2.793e+01 2.836e+01 2.876e+01 2.914e+01 2.948e+01 2.980e+01
 3.008e+01 3.033e+01 3.055e+01 3.076e+01 3.094e+01 3.111e+01 3.126e+01 3.139e+01
 3.151e+01 3.162e+01 3.173e+01 3.182e+01 3.190e+01 3.198e+01 3.205e+01 3.211e+01
 3.217e+01 3.223e+01 3.228e+01 3.233e+01 3.238e+01 3.242e+01 3.246e+01 3.250e+01
 3.254e+01 3.257e+01 3.261e+01 3.264e+01 3.267e+01 3.270e+01 3.273e+01 3.276e+01
 3.278e+01 3.281e+01 3.283e+01 3.286e+01 3.288e+01 3.290e+01 3.292e+01 3.294e+01
 3.296e+01 3.298e+01 3.300e+01 3.301e+01 3.303e+01 3.304e+01 3.305e+01 3.306e+01
sqrt(<Z^2>) for tau[ms]=  100.0
 5.896e-01 7.222e-01 8.299e-01 9.032e-01 9.470e-01 9.717e-01 9.863e-01 9.976e-01
 1.012e+00 1.038e+00 1.086e+00 1.172e+00 1.301e+00 1.460e+00 1.619e+00 1.749e+00
 1.843e+00 1.906e+00 1.950e+00 1.986e+00 2.022e+00 2.067e+00 2.128e+00 2.206e+00
 2.302e+00 2.410e+00 2.519e+00 2.623e+00 2.715e+00 2.795e+00 2.865e+00 2.928e+00
 2.991e+00 3.058e+00 3.133e+00 3.218e+00 3.313e+00 3.416e+00 3.523e+00 3.631e+00
 3.736e+00 3.840e+00 3.942e+00 4.044e+00 4.148e+00 4.257e+00 4.369e+00 4.486e+00
 4.607e+00 4.733e+00 4.864e+00 5.001e+00 5.144e+00 5.294e+00 5.452e+00 5.617e+00
 5.789e+00 5.963e+00 6.137e+00 6.305e+00 6.466e+00 6.617e+00 6.758e+00 6.891e+00
 7.020e+00 7.149e+00 7.284e+00 7.428e+00 7.589e+00 7.769e+00 7.974e+00 8.203e+00
 8.457e+00 8.731e+00 9.022e+00 9.323e+00 9.628e+00 9.932e+00 1.023e+01 1.052e+01
 1.080e+01 1.107e+01 1.135e+01 1.164e+01 1.195e+01 1.227e+01 1.260e+01 1.292e+01
 1.322e+01 1.349e+01 1.373e+01 1.393e+01 1.411e+01 1.428e+01 1.443e+01 1.457e+01
 1.471e+01 1.485e+01 1.498e+01 1.511e+01 1.525e+01 1.538e+01 1.553e+01 1.568e+01
 1.583e+01 1.601e+01 1.620e+01 1.642e+01 1.669e+01 1.705e+01 1.752e+01 1.819e+01
 1.908e+01 2.014e+01 2.118e+01 2.204e+01 2.268e+01 2.313e+01 2.345e+01 2.370e+01
 2.391e+01 2.408e+01 2.423e+01 2.436e+01 2.448e+01 2.458e+01 2.467e+01 2.476e+01
 2.483e+01 2.491e+01 2.498e+01 2.505e+01 2.512e+01 2.519e+01 2.527e+01 2.536e+01
 2.547e+01 2.559e+01 2.575e+01 2.595e+01 2.620e+01 2.651e+01 2.690e+01 2.737e+01
 2.792e+01 2.851e+01 2.911e+01 2.969e+01 3.021e+01 3.067e+01 3.106e+01 3.140e+01
 3.169e+01 3.194e+01 3.216e+01 3.235e+01 3.251e+01 3.265e+01 3.278e+01 3.289e+01
 3.298e+01 3.307e+01 3.314e+01 3.321e+01 3.327e+01 3.333e+01 3.338e+01 3.343e+01
 3.347e+01 3.352e+01 3.356e+01 3.360e+01 3.364e+01 3.368e+01 3.371e+01 3.375e+01
 3.379e+01 3.383e+01 3.387e+01 3.391e+01 3.395e+01 3.399e+01 3.403e+01 3.407e+01
 3.412e+01 3.416e+01 3.421e+01 3.426e+01 3.430e+01 3.435e+01 3.439e+01 3.444e+01
 3.449e+01 3.453e+01 3.458e+01 3.462e+01 3.467e+01 3.471e+01 3.475e+01 3.478e+01
sqrt(<Z^2>) for tau[ms]= 1000.0
 7.841e-01 8.766e-01 9.341e-01 9.660e-01 9.828e-01 9.921e-01 9.987e-01 1.007e+00
 1.023e+00 1.057e+00 1.122e+00 1.233e+00 1.387e+00 1.556e+00 1.705e+00 1.815e+00
 1.888e+00 1.936e+00 1.970e+00 2.000e+00 2.034e+00 2.079e+00 2.141e+00 2.221e+00
 2.318e+00 2.425e+00 2.534e+00 2.635e+00 2.725e+00 2.803e+00 2.871e+00 2.934e+00
 2.996e+00 3.062e+00 3.137e+00 3.222e+00 3.317e+00 3.420e+00 3.527e+00 3.634e+00
 3.740e+00 3.843e+00 3.944e+00 4.046e+00 4.151e+00 4.259e+00 4.371e+00 4.488e+00
 4.609e+00 4.735e+00 4.866e+00 5.003e+00 5.146e+00 5.296e+00 5.455e+00 5.620e+00
 5.792e+00 5.966e+00 6.140e+00 6.309e+00 6.470e+00 6.620e+00 6.761e+00 6.895e+00
 7.024e+00 7.153e+00 7.288e+00 7.433e+00 7.593e+00 7.775e+00 7.980e+00 8.210e+00
 8.465e+00 8.740e+00 9.032e+00 9.334e+00 9.640e+00 9.944e+00 1.024e+01 1.053e+01
 1.081e+01 1.109e+01 1.137e+01 1.166e+01 1.196e+01 1.229e+01 1.262e+01 1.294e+01
 1.324e+01 1.351e+01 1.374e+01 1.395e+01 1.413e+01 1.429e+01 1.444e+01 1.458e+01
 1.472e+01 1.486e+01 1.499e+01 1.512e+01 1.525e+01 1.539e+01 1.553e+01 1.568e+01
 1.584e+01 1.601e+01 1.621e+01 1.643e+01 1.670e+01 1.706e+01 1.754e+01 1.822e+01
 1.914e+01 2.022e+01 2.129e+01 2.215e+01 2.278e+01 2.322e+01 2.353e+01 2.377e+01
 2.397e+01 2.414e+01 2.428e+01 2.441e+01 2.452e+01 2.462e+01 2.471e+01 2.479e+01
 2.487e+01 2.494e+01 2.501e+01 2.508e+01 2.515e+01 2.522e+01 2.530e+01 2.539e+01
 2.550e+01 2.562e+01 2.578e+01 2.598e+01 2.624e+01 2.656e+01 2.697e+01 2.746e+01
 2.803e+01 2.865e+01 2.928e+01 2.987e+01 3.041e+01 3.087e+01 3.127e+01 3.162e+01
 3.191e+01 3.215e+01 3.237e+01 3.255e+01 3.271e+01 3.285e+01 3.297e+01 3.307e+01
 3.316e+01 3.324e+01 3.331e+01 3.338e+01 3.344e+01 3.349e+01 3.354e+01 3.358e+01
 3.363e+01 3.367e+01 3.371e+01 3.374e+01 3.378e+01 3.382e+01 3.386e+01 3.390e+01
 3.393e+01 3.397e+01 3.401e+01 3.406e+01 3.410e+01 3.414e+01 3.419e+01 3.423e+01
 3.428e+01 3.433e+01 3.438e+01 3.443e+01 3.448e+01 3.453e+01 3.459e+01 3.464e+01
 3.469e+01 3.474e+01 3.480e+01 3.485e+01 3.490e+01 3.494e+01 3.499e+01 3.503e+01
sqrt(<Z^2>) in equilibrium - infinite confinement
 8.199e-01 9.006e-01 9.482e-01 9.738e-01 9.870e-01 9.944e-01 1.000e+00 1.008e+00
 1.025e+00 1.059e+00 1.128e+00 1.243e+00 1.399e+00 1.569e+00 1.716e+00 1.823e+00
 1.894e+00 1.940e+00 1.973e+00 2.002e+00 2.036e+00 2.081e+00 2.142e+00 2.223e+00
 2.320e+00 2.427e+00 2.535e+00 2.637e+00 2.727e+00 2.804e+00 2.872e+00 2.934e+00
 2.996e+00 3.063e+00 3.138e+00 3.223e+00 3.318e+00 3.420e+00 3.527e+00 3.635e+00
 3.740e+00 3.843e+00 3.945e+00 4.047e+00 4.151e+00 4.259e+00 4.371e+00 4.488e+00
 4.609e+00 4.735e+00 4.866e+00 5.003e+00 5.146e+00 5.297e+00 5.455e+00 5.620e+00
 5.792e+00 5.967e+00 6.141e+00 6.309e+00 6.470e+00 6.621e+00 6.762e+00 6.895e+00
 7.024e+00 7.154e+00 7.288e+00 7.433e+00 7.594e+00 7.775e+00 7.981e+00 8.211e+00
 8.465e+00 8.741e+00 9.033e+00 9.335e+00 9.641e+00 9.945e+00 1.024e+01 1.053e+01
 1.081e+01 1.109e+01 1.137e+01 1.166e+01 1.197e+01 1.229e+01 1.262e+01 1.294e+01
 1.324e+01 1.351e+01 1.374e+01 1.395e+01 1.413e+01 1.429e+01 1.444e+01 1.459e+01
 1.472e+01 1.486e+01 1.499e+01 1.512e+01 1.526e+01 1.539e+01 1.553e+01 1.568e+01
 1.584e+01 1.601e+01 1.621e+01 1.643e+01 1.670e+01 1.706e+01 1.754e+01 1.823e+01
 1.914e+01 2.023e+01 2.130e+01 2.217e+01 2.279e+01 2.323e+01 2.354e+01 2.378e+01
 2.398e+01 2.414e+01 2.429e+01 2.441e+01 2.453e+01 2.463e+01 2.472e+01 2.480e+01
 2.487e+01 2.494e+01 2.501e+01 2.508e+01 2.515e+01 2.522e+01 2.530e+01 2.539e+01
 2.550e+01 2.563e+01 2.579e+01 2.599e+01 2.624e+01 2.657e+01 2.697e+01 2.747e+01
 2.804e+01 2.866e+01 2.929e+01 2.989e+01 3.043e+01 3.090e+01 3.130e+01 3.164e+01
 3.193e+01 3.218e+01 3.239e+01 3.257e+01 3.273e+01 3.287e+01 3.299e+01 3.309e+01
 3.318e+01 3.326e+01 3.333e+01 3.340e+01 3.345e+01 3.351e+01 3.355e+01 3.360e+01
 3.364e+01 3.368e+01 3.372e+01 3.376e+01 3.380e+01 3.384e+01 3.387e+01 3.391e+01
 3.395e+01 3.399e+01 3.403e+01 3.407e+01 3.412e+01 3.416e+01 3.421e+01 3.425e+01
 3.430e+01 3.435e+01 3.440e+01 3.445e+01 3.450e+01 3.456e+01 3.461e+01 3.466e+01
 3.471e+01 3.477e+01 3.482e+01 3.487e+01 3.492e+01 3.497e+01 3.502e+01 3.506e+01
C-------------------------------------------------------------------------------
C
C  The fractional abundance and radiated power were generated from the
C  ADAS installation at UKAEA with the named adf11 files. The adf11 data
C  files may be updated in a later release of ADAS and publicly
C  available versions may be found at https://open.adas.ac.uk/.
C
C  The equilibrium balance data was produced with run_adas405.py and
C  the balance with a confinement time with adas4xx_ionbal_tau.py
C  which are functions from the ADAS library. Details on these codes
C  may be found at: https://www.adas.ac.uk/python_lib/index.html
C
C  Copyright (C) 2023 UK Atomic Energy Authority
C
C  This file was generated for use in the UKAEA systems code PROCESS
C  using a script written by Martin O'Mullane.
C  If acquired without provenance a user is strongly advised
C  to check its validity by re-generating using the adf11 files from
C  the OPEN-ADAS site.
C
C  Produced by : Timothy Nunn
C  Date        : 24-05-23
C
C-------------------------------------------------------------------------------
