Radiated power per atom (W m3) as a function dwell time.
Temperature :      1.0 -  40000.0 eV
Density     : 1.00e+20 m-3
   200     5  # Te values, dwell time

Source data:
acd : /home/adas/adas/adf11/acd96/acd96_n.dat
scd : /home/adas/adas/adf11/scd96/scd96_n.dat
plt : /home/adas/adas/adf11/plt96/plt96_n.dat
prb : /home/adas/adas/adf11/prb96/prb96_n.dat

Te[eV]
 1.000e+00 1.055e+00 1.112e+00 1.173e+00 1.237e+00 1.305e+00 1.376e+00 1.452e+00
 1.531e+00 1.615e+00 1.703e+00 1.796e+00 1.895e+00 1.998e+00 2.107e+00 2.223e+00
 2.344e+00 2.473e+00 2.608e+00 2.750e+00 2.901e+00 3.059e+00 3.227e+00 3.403e+00
 3.589e+00 3.786e+00 3.993e+00 4.211e+00 4.441e+00 4.684e+00 4.941e+00 5.211e+00
 5.496e+00 5.796e+00 6.113e+00 6.448e+00 6.800e+00 7.172e+00 7.565e+00 7.978e+00
 8.415e+00 8.875e+00 9.360e+00 9.872e+00 1.041e+01 1.098e+01 1.158e+01 1.222e+01
 1.288e+01 1.359e+01 1.433e+01 1.512e+01 1.594e+01 1.681e+01 1.773e+01 1.870e+01
 1.973e+01 2.081e+01 2.194e+01 2.314e+01 2.441e+01 2.574e+01 2.715e+01 2.864e+01
 3.020e+01 3.186e+01 3.360e+01 3.544e+01 3.737e+01 3.942e+01 4.157e+01 4.385e+01
 4.625e+01 4.877e+01 5.144e+01 5.426e+01 5.722e+01 6.035e+01 6.365e+01 6.713e+01
 7.081e+01 7.468e+01 7.876e+01 8.307e+01 8.761e+01 9.241e+01 9.746e+01 1.028e+02
 1.084e+02 1.143e+02 1.206e+02 1.272e+02 1.341e+02 1.415e+02 1.492e+02 1.574e+02
 1.660e+02 1.751e+02 1.846e+02 1.947e+02 2.054e+02 2.166e+02 2.285e+02 2.410e+02
 2.542e+02 2.681e+02 2.827e+02 2.982e+02 3.145e+02 3.317e+02 3.498e+02 3.690e+02
 3.891e+02 4.104e+02 4.329e+02 4.565e+02 4.815e+02 5.078e+02 5.356e+02 5.649e+02
 5.958e+02 6.284e+02 6.628e+02 6.990e+02 7.373e+02 7.776e+02 8.201e+02 8.650e+02
 9.123e+02 9.622e+02 1.015e+03 1.070e+03 1.129e+03 1.191e+03 1.256e+03 1.324e+03
 1.397e+03 1.473e+03 1.554e+03 1.639e+03 1.728e+03 1.823e+03 1.923e+03 2.028e+03
 2.139e+03 2.256e+03 2.379e+03 2.509e+03 2.646e+03 2.791e+03 2.944e+03 3.105e+03
 3.274e+03 3.454e+03 3.642e+03 3.842e+03 4.052e+03 4.273e+03 4.507e+03 4.754e+03
 5.014e+03 5.288e+03 5.577e+03 5.882e+03 6.204e+03 6.543e+03 6.901e+03 7.278e+03
 7.676e+03 8.096e+03 8.539e+03 9.006e+03 9.499e+03 1.002e+04 1.057e+04 1.114e+04
 1.175e+04 1.240e+04 1.307e+04 1.379e+04 1.454e+04 1.534e+04 1.618e+04 1.706e+04
 1.800e+04 1.898e+04 2.002e+04 2.111e+04 2.227e+04 2.349e+04 2.477e+04 2.612e+04
 2.755e+04 2.906e+04 3.065e+04 3.233e+04 3.409e+04 3.596e+04 3.793e+04 4.000e+04
Lz[Wm**3] for tau[ms]=    0.1
 5.330e-36 8.751e-36 1.393e-35 2.149e-35 3.215e-35 4.664e-35 6.560e-35 8.956e-35
 1.190e-34 1.546e-34 1.977e-34 2.504e-34 3.159e-34 3.985e-34 5.030e-34 6.347e-34
 7.990e-34 1.002e-33 1.250e-33 1.550e-33 1.910e-33 2.339e-33 2.847e-33 3.444e-33
 4.143e-33 4.956e-33 5.897e-33 6.979e-33 8.213e-33 9.609e-33 1.117e-32 1.290e-32
 1.480e-32 1.685e-32 1.904e-32 2.137e-32 2.383e-32 2.639e-32 2.905e-32 3.179e-32
 3.459e-32 3.744e-32 4.032e-32 4.322e-32 4.615e-32 4.910e-32 5.205e-32 5.498e-32
 5.786e-32 6.063e-32 6.324e-32 6.561e-32 6.767e-32 6.933e-32 7.052e-32 7.119e-32
 7.130e-32 7.087e-32 6.989e-32 6.842e-32 6.651e-32 6.425e-32 6.172e-32 5.899e-32
 5.615e-32 5.325e-32 5.037e-32 4.754e-32 4.481e-32 4.221e-32 3.974e-32 3.743e-32
 3.527e-32 3.326e-32 3.139e-32 2.967e-32 2.809e-32 2.663e-32 2.529e-32 2.406e-32
 2.294e-32 2.192e-32 2.099e-32 2.015e-32 1.939e-32 1.871e-32 1.810e-32 1.756e-32
 1.708e-32 1.668e-32 1.633e-32 1.604e-32 1.581e-32 1.563e-32 1.550e-32 1.542e-32
 1.538e-32 1.537e-32 1.541e-32 1.547e-32 1.555e-32 1.566e-32 1.578e-32 1.591e-32
 1.605e-32 1.620e-32 1.635e-32 1.649e-32 1.664e-32 1.677e-32 1.690e-32 1.701e-32
 1.711e-32 1.720e-32 1.728e-32 1.734e-32 1.739e-32 1.743e-32 1.745e-32 1.746e-32
 1.746e-32 1.745e-32 1.743e-32 1.740e-32 1.735e-32 1.730e-32 1.724e-32 1.718e-32
 1.710e-32 1.703e-32 1.695e-32 1.687e-32 1.678e-32 1.670e-32 1.661e-32 1.651e-32
 1.642e-32 1.632e-32 1.622e-32 1.612e-32 1.601e-32 1.590e-32 1.580e-32 1.569e-32
 1.558e-32 1.547e-32 1.536e-32 1.525e-32 1.514e-32 1.502e-32 1.490e-32 1.479e-32
 1.466e-32 1.454e-32 1.442e-32 1.429e-32 1.417e-32 1.404e-32 1.392e-32 1.379e-32
 1.367e-32 1.355e-32 1.343e-32 1.331e-32 1.319e-32 1.308e-32 1.297e-32 1.285e-32
 1.274e-32 1.263e-32 1.252e-32 1.241e-32 1.230e-32 1.220e-32 1.209e-32 1.198e-32
 1.188e-32 1.178e-32 1.168e-32 1.158e-32 1.148e-32 1.138e-32 1.128e-32 1.118e-32
 1.109e-32 1.099e-32 1.090e-32 1.080e-32 1.071e-32 1.062e-32 1.053e-32 1.044e-32
 1.035e-32 1.027e-32 1.018e-32 1.009e-32 1.001e-32 9.924e-33 9.841e-33 9.758e-33
Lz[Wm**3] for tau[ms]=    1.0
 5.321e-36 8.555e-36 1.316e-35 1.933e-35 2.713e-35 3.671e-35 4.854e-35 6.371e-35
 8.395e-35 1.115e-34 1.488e-34 1.989e-34 2.651e-34 3.509e-34 4.606e-34 5.988e-34
 7.710e-34 9.831e-34 1.243e-33 1.558e-33 1.942e-33 2.408e-33 2.974e-33 3.656e-33
 4.470e-33 5.426e-33 6.525e-33 7.765e-33 9.137e-33 1.064e-32 1.227e-32 1.402e-32
 1.591e-32 1.792e-32 2.005e-32 2.230e-32 2.465e-32 2.710e-32 2.964e-32 3.229e-32
 3.506e-32 3.795e-32 4.096e-32 4.403e-32 4.708e-32 4.994e-32 5.239e-32 5.418e-32
 5.508e-32 5.494e-32 5.369e-32 5.141e-32 4.826e-32 4.449e-32 4.038e-32 3.617e-32
 3.208e-32 2.824e-32 2.475e-32 2.165e-32 1.892e-32 1.656e-32 1.453e-32 1.279e-32
 1.130e-32 1.002e-32 8.925e-33 7.987e-33 7.181e-33 6.488e-33 5.888e-33 5.370e-33
 4.920e-33 4.528e-33 4.187e-33 3.890e-33 3.633e-33 3.410e-33 3.220e-33 3.060e-33
 2.929e-33 2.826e-33 2.750e-33 2.702e-33 2.680e-33 2.686e-33 2.719e-33 2.779e-33
 2.864e-33 2.972e-33 3.102e-33 3.251e-33 3.414e-33 3.588e-33 3.769e-33 3.951e-33
 4.132e-33 4.306e-33 4.470e-33 4.620e-33 4.756e-33 4.874e-33 4.973e-33 5.052e-33
 5.111e-33 5.150e-33 5.168e-33 5.168e-33 5.150e-33 5.116e-33 5.067e-33 5.007e-33
 4.937e-33 4.859e-33 4.776e-33 4.689e-33 4.599e-33 4.509e-33 4.418e-33 4.328e-33
 4.240e-33 4.153e-33 4.069e-33 3.987e-33 3.907e-33 3.830e-33 3.756e-33 3.685e-33
 3.617e-33 3.551e-33 3.489e-33 3.429e-33 3.372e-33 3.318e-33 3.265e-33 3.216e-33
 3.168e-33 3.123e-33 3.079e-33 3.037e-33 2.997e-33 2.958e-33 2.921e-33 2.886e-33
 2.851e-33 2.818e-33 2.786e-33 2.755e-33 2.724e-33 2.694e-33 2.664e-33 2.635e-33
 2.605e-33 2.576e-33 2.548e-33 2.520e-33 2.493e-33 2.466e-33 2.440e-33 2.414e-33
 2.390e-33 2.366e-33 2.343e-33 2.320e-33 2.299e-33 2.278e-33 2.257e-33 2.238e-33
 2.218e-33 2.200e-33 2.182e-33 2.164e-33 2.147e-33 2.130e-33 2.113e-33 2.096e-33
 2.080e-33 2.064e-33 2.048e-33 2.033e-33 2.018e-33 2.003e-33 1.988e-33 1.973e-33
 1.959e-33 1.945e-33 1.931e-33 1.917e-33 1.904e-33 1.891e-33 1.878e-33 1.865e-33
 1.852e-33 1.840e-33 1.828e-33 1.816e-33 1.804e-33 1.792e-33 1.781e-33 1.770e-33
Lz[Wm**3] for tau[ms]=   10.0
 5.289e-36 7.937e-36 1.112e-35 1.486e-35 1.959e-35 2.622e-35 3.593e-35 5.013e-35
 7.044e-35 9.877e-35 1.374e-34 1.890e-34 2.566e-34 3.439e-34 4.552e-34 5.956e-34
 7.710e-34 9.894e-34 1.261e-33 1.600e-33 2.023e-33 2.549e-33 3.192e-33 3.959e-33
 4.847e-33 5.851e-33 6.968e-33 8.196e-33 9.538e-33 1.100e-32 1.259e-32 1.431e-32
 1.617e-32 1.817e-32 2.028e-32 2.251e-32 2.487e-32 2.736e-32 3.001e-32 3.285e-32
 3.590e-32 3.911e-32 4.236e-32 4.536e-32 4.772e-32 4.895e-32 4.863e-32 4.659e-32
 4.296e-32 3.818e-32 3.286e-32 2.755e-32 2.266e-32 1.841e-32 1.485e-32 1.195e-32
 9.622e-33 7.774e-33 6.313e-33 5.159e-33 4.247e-33 3.523e-33 2.947e-33 2.485e-33
 2.113e-33 1.811e-33 1.564e-33 1.362e-33 1.196e-33 1.058e-33 9.430e-34 8.477e-34
 7.686e-34 7.033e-34 6.503e-34 6.085e-34 5.774e-34 5.567e-34 5.468e-34 5.482e-34
 5.617e-34 5.880e-34 6.278e-34 6.813e-34 7.482e-34 8.277e-34 9.180e-34 1.017e-33
 1.121e-33 1.227e-33 1.332e-33 1.432e-33 1.523e-33 1.601e-33 1.664e-33 1.708e-33
 1.732e-33 1.736e-33 1.722e-33 1.692e-33 1.649e-33 1.598e-33 1.539e-33 1.478e-33
 1.414e-33 1.350e-33 1.288e-33 1.227e-33 1.168e-33 1.112e-33 1.059e-33 1.009e-33
 9.615e-34 9.176e-34 8.767e-34 8.387e-34 8.033e-34 7.706e-34 7.403e-34 7.122e-34
 6.861e-34 6.620e-34 6.396e-34 6.187e-34 5.994e-34 5.814e-34 5.646e-34 5.490e-34
 5.345e-34 5.209e-34 5.083e-34 4.966e-34 4.856e-34 4.753e-34 4.658e-34 4.568e-34
 4.485e-34 4.407e-34 4.334e-34 4.265e-34 4.201e-34 4.141e-34 4.085e-34 4.032e-34
 3.982e-34 3.935e-34 3.891e-34 3.850e-34 3.810e-34 3.773e-34 3.737e-34 3.702e-34
 3.669e-34 3.637e-34 3.607e-34 3.578e-34 3.551e-34 3.525e-34 3.501e-34 3.478e-34
 3.457e-34 3.438e-34 3.420e-34 3.404e-34 3.389e-34 3.377e-34 3.366e-34 3.356e-34
 3.348e-34 3.342e-34 3.336e-34 3.332e-34 3.328e-34 3.326e-34 3.323e-34 3.322e-34
 3.321e-34 3.320e-34 3.320e-34 3.321e-34 3.322e-34 3.325e-34 3.327e-34 3.331e-34
 3.335e-34 3.340e-34 3.345e-34 3.351e-34 3.358e-34 3.366e-34 3.374e-34 3.383e-34
 3.393e-34 3.403e-34 3.414e-34 3.426e-34 3.438e-34 3.451e-34 3.465e-34 3.479e-34
Lz[Wm**3] for tau[ms]=  100.0
 5.271e-36 7.613e-36 1.023e-35 1.334e-35 1.762e-35 2.407e-35 3.381e-35 4.817e-35
 6.869e-35 9.725e-35 1.361e-34 1.879e-34 2.557e-34 3.432e-34 4.548e-34 5.957e-34
 7.722e-34 9.930e-34 1.270e-33 1.618e-33 2.055e-33 2.599e-33 3.260e-33 4.040e-33
 4.932e-33 5.933e-33 7.042e-33 8.260e-33 9.593e-33 1.105e-32 1.263e-32 1.435e-32
 1.621e-32 1.820e-32 2.032e-32 2.255e-32 2.491e-32 2.742e-32 3.011e-32 3.301e-32
 3.613e-32 3.941e-32 4.266e-32 4.551e-32 4.744e-32 4.789e-32 4.647e-32 4.314e-32
 3.830e-32 3.263e-32 2.688e-32 2.159e-32 1.704e-32 1.332e-32 1.037e-32 8.070e-33
 6.296e-33 4.933e-33 3.888e-33 3.085e-33 2.467e-33 1.989e-33 1.617e-33 1.326e-33
 1.097e-33 9.149e-34 7.702e-34 6.543e-34 5.612e-34 4.861e-34 4.255e-34 3.768e-34
 3.381e-34 3.081e-34 2.859e-34 2.712e-34 2.639e-34 2.643e-34 2.730e-34 2.907e-34
 3.181e-34 3.559e-34 4.044e-34 4.632e-34 5.312e-34 6.066e-34 6.872e-34 7.702e-34
 8.525e-34 9.311e-34 1.002e-33 1.063e-33 1.109e-33 1.138e-33 1.147e-33 1.136e-33
 1.107e-33 1.065e-33 1.012e-33 9.528e-34 8.915e-34 8.306e-34 7.717e-34 7.160e-34
 6.640e-34 6.159e-34 5.716e-34 5.311e-34 4.940e-34 4.601e-34 4.292e-34 4.011e-34
 3.756e-34 3.524e-34 3.313e-34 3.122e-34 2.948e-34 2.790e-34 2.646e-34 2.515e-34
 2.396e-34 2.288e-34 2.188e-34 2.097e-34 2.014e-34 1.937e-34 1.867e-34 1.803e-34
 1.743e-34 1.689e-34 1.639e-34 1.594e-34 1.552e-34 1.513e-34 1.478e-34 1.446e-34
 1.416e-34 1.390e-34 1.365e-34 1.343e-34 1.324e-34 1.306e-34 1.290e-34 1.276e-34
 1.263e-34 1.252e-34 1.243e-34 1.235e-34 1.228e-34 1.223e-34 1.218e-34 1.215e-34
 1.213e-34 1.211e-34 1.211e-34 1.212e-34 1.213e-34 1.216e-34 1.219e-34 1.223e-34
 1.228e-34 1.234e-34 1.241e-34 1.248e-34 1.257e-34 1.266e-34 1.277e-34 1.289e-34
 1.301e-34 1.315e-34 1.329e-34 1.344e-34 1.360e-34 1.375e-34 1.391e-34 1.408e-34
 1.425e-34 1.442e-34 1.459e-34 1.477e-34 1.495e-34 1.514e-34 1.534e-34 1.554e-34
 1.574e-34 1.595e-34 1.616e-34 1.638e-34 1.660e-34 1.683e-34 1.707e-34 1.731e-34
 1.755e-34 1.780e-34 1.805e-34 1.831e-34 1.858e-34 1.885e-34 1.913e-34 1.941e-34
Lz[Wm**3] for tau[ms]= 1000.0
 5.268e-36 7.567e-36 1.011e-35 1.315e-35 1.740e-35 2.383e-35 3.359e-35 4.796e-35
 6.851e-35 9.710e-35 1.360e-34 1.878e-34 2.556e-34 3.432e-34 4.548e-34 5.957e-34
 7.724e-34 9.935e-34 1.271e-33 1.620e-33 2.059e-33 2.606e-33 3.269e-33 4.049e-33
 4.942e-33 5.942e-33 7.050e-33 8.267e-33 9.599e-33 1.105e-32 1.264e-32 1.436e-32
 1.621e-32 1.821e-32 2.032e-32 2.256e-32 2.492e-32 2.743e-32 3.012e-32 3.303e-32
 3.616e-32 3.945e-32 4.269e-32 4.552e-32 4.739e-32 4.774e-32 4.618e-32 4.269e-32
 3.771e-32 3.196e-32 2.617e-32 2.090e-32 1.641e-32 1.277e-32 9.888e-33 7.659e-33
 5.947e-33 4.638e-33 3.638e-33 2.872e-33 2.285e-33 1.833e-33 1.482e-33 1.208e-33
 9.938e-34 8.245e-34 6.902e-34 5.831e-34 4.974e-34 4.286e-34 3.735e-34 3.295e-34
 2.949e-34 2.684e-34 2.493e-34 2.374e-34 2.325e-34 2.350e-34 2.455e-34 2.647e-34
 2.934e-34 3.322e-34 3.813e-34 4.401e-34 5.075e-34 5.817e-34 6.602e-34 7.402e-34
 8.190e-34 8.933e-34 9.596e-34 1.014e-33 1.054e-33 1.075e-33 1.077e-33 1.059e-33
 1.025e-33 9.772e-34 9.212e-34 8.607e-34 7.991e-34 7.390e-34 6.819e-34 6.284e-34
 5.791e-34 5.339e-34 4.927e-34 4.553e-34 4.212e-34 3.903e-34 3.622e-34 3.369e-34
 3.139e-34 2.932e-34 2.744e-34 2.575e-34 2.421e-34 2.282e-34 2.156e-34 2.042e-34
 1.938e-34 1.843e-34 1.757e-34 1.679e-34 1.607e-34 1.542e-34 1.482e-34 1.427e-34
 1.377e-34 1.331e-34 1.289e-34 1.251e-34 1.216e-34 1.184e-34 1.155e-34 1.129e-34
 1.106e-34 1.084e-34 1.065e-34 1.048e-34 1.032e-34 1.019e-34 1.007e-34 9.969e-35
 9.883e-35 9.810e-35 9.752e-35 9.706e-35 9.672e-35 9.650e-35 9.639e-35 9.638e-35
 9.647e-35 9.666e-35 9.693e-35 9.729e-35 9.774e-35 9.827e-35 9.888e-35 9.956e-35
 1.003e-34 1.012e-34 1.021e-34 1.031e-34 1.042e-34 1.054e-34 1.066e-34 1.080e-34
 1.095e-34 1.111e-34 1.127e-34 1.144e-34 1.161e-34 1.179e-34 1.197e-34 1.215e-34
 1.233e-34 1.252e-34 1.272e-34 1.291e-34 1.311e-34 1.332e-34 1.353e-34 1.374e-34
 1.396e-34 1.419e-34 1.442e-34 1.465e-34 1.489e-34 1.514e-34 1.539e-34 1.564e-34
 1.590e-34 1.616e-34 1.643e-34 1.671e-34 1.699e-34 1.727e-34 1.756e-34 1.786e-34
Lz[Wm**3] in equilibrium - infinite confinement
 5.268e-36 7.561e-36 1.010e-35 1.313e-35 1.737e-35 2.381e-35 3.356e-35 4.794e-35
 6.849e-35 9.708e-35 1.360e-34 1.877e-34 2.556e-34 3.432e-34 4.548e-34 5.957e-34
 7.724e-34 9.936e-34 1.271e-33 1.620e-33 2.060e-33 2.606e-33 3.270e-33 4.050e-33
 4.943e-33 5.943e-33 7.051e-33 8.267e-33 9.599e-33 1.105e-32 1.264e-32 1.436e-32
 1.622e-32 1.821e-32 2.032e-32 2.256e-32 2.492e-32 2.743e-32 3.012e-32 3.303e-32
 3.616e-32 3.945e-32 4.270e-32 4.552e-32 4.739e-32 4.772e-32 4.614e-32 4.264e-32
 3.764e-32 3.188e-32 2.609e-32 2.082e-32 1.634e-32 1.270e-32 9.834e-33 7.613e-33
 5.909e-33 4.605e-33 3.610e-33 2.849e-33 2.265e-33 1.815e-33 1.467e-33 1.195e-33
 9.824e-34 8.145e-34 6.813e-34 5.751e-34 4.903e-34 4.222e-34 3.677e-34 3.242e-34
 2.901e-34 2.640e-34 2.453e-34 2.336e-34 2.290e-34 2.317e-34 2.424e-34 2.618e-34
 2.907e-34 3.296e-34 3.787e-34 4.375e-34 5.049e-34 5.789e-34 6.571e-34 7.368e-34
 8.151e-34 8.889e-34 9.547e-34 1.009e-33 1.048e-33 1.068e-33 1.069e-33 1.051e-33
 1.015e-33 9.672e-34 9.108e-34 8.502e-34 7.886e-34 7.287e-34 6.717e-34 6.185e-34
 5.696e-34 5.247e-34 4.839e-34 4.468e-34 4.130e-34 3.824e-34 3.548e-34 3.297e-34
 3.071e-34 2.866e-34 2.681e-34 2.513e-34 2.362e-34 2.225e-34 2.101e-34 1.989e-34
 1.887e-34 1.794e-34 1.709e-34 1.632e-34 1.562e-34 1.498e-34 1.439e-34 1.385e-34
 1.336e-34 1.291e-34 1.250e-34 1.213e-34 1.179e-34 1.148e-34 1.120e-34 1.094e-34
 1.071e-34 1.050e-34 1.031e-34 1.015e-34 1.000e-34 9.870e-35 9.757e-35 9.659e-35
 9.577e-35 9.509e-35 9.454e-35 9.412e-35 9.382e-35 9.364e-35 9.356e-35 9.359e-35
 9.371e-35 9.393e-35 9.424e-35 9.464e-35 9.512e-35 9.568e-35 9.632e-35 9.703e-35
 9.782e-35 9.869e-35 9.963e-35 1.007e-34 1.018e-34 1.030e-34 1.043e-34 1.057e-34
 1.072e-34 1.088e-34 1.104e-34 1.121e-34 1.139e-34 1.157e-34 1.175e-34 1.193e-34
 1.212e-34 1.231e-34 1.251e-34 1.270e-34 1.291e-34 1.312e-34 1.333e-34 1.355e-34
 1.377e-34 1.399e-34 1.423e-34 1.446e-34 1.470e-34 1.495e-34 1.520e-34 1.546e-34
 1.572e-34 1.599e-34 1.626e-34 1.653e-34 1.681e-34 1.710e-34 1.739e-34 1.769e-34
C-------------------------------------------------------------------------------
C
C  The fractional abundance and radiated power were generated from the
C  ADAS installation at UKAEA with the named adf11 files. The adf11 data
C  files may be updated in a later release of ADAS and publicly
C  available versions may be found at https://open.adas.ac.uk/.
C
C  The equilibrium balance data was produced with run_adas405.py and
C  the balance with a confinement time with adas4xx_ionbal_tau.py
C  which are functions from the ADAS library. Details on these codes
C  may be found at: https://www.adas.ac.uk/python_lib/index.html
C
C  Copyright (C) 2023 UK Atomic Energy Authority
C
C  This file was generated for use in the UKAEA systems code PROCESS
C  using a script written by Martin O'Mullane.
C  If acquired without provenance a user is strongly advised
C  to check its validity by re-generating using the adf11 files from
C  the OPEN-ADAS site.
C
C  Produced by : Timothy Nunn
C  Date        : 24-05-23
C
C-------------------------------------------------------------------------------
