Mean quadratic charge as a function dwell time.
Temperature :      1.0 -  40000.0 eV
Density     : 1.00e+20 m-3
   200     5  # Te values, dwell time

Source data:
acd : /home/adas/adas/adf11/acd96/acd96_n.dat
scd : /home/adas/adas/adf11/scd96/scd96_n.dat
plt : /home/adas/adas/adf11/plt96/plt96_n.dat
prb : /home/adas/adas/adf11/prb96/prb96_n.dat

Te[eV]
 1.000e+00 1.055e+00 1.112e+00 1.173e+00 1.237e+00 1.305e+00 1.376e+00 1.452e+00
 1.531e+00 1.615e+00 1.703e+00 1.796e+00 1.895e+00 1.998e+00 2.107e+00 2.223e+00
 2.344e+00 2.473e+00 2.608e+00 2.750e+00 2.901e+00 3.059e+00 3.227e+00 3.403e+00
 3.589e+00 3.786e+00 3.993e+00 4.211e+00 4.441e+00 4.684e+00 4.941e+00 5.211e+00
 5.496e+00 5.796e+00 6.113e+00 6.448e+00 6.800e+00 7.172e+00 7.565e+00 7.978e+00
 8.415e+00 8.875e+00 9.360e+00 9.872e+00 1.041e+01 1.098e+01 1.158e+01 1.222e+01
 1.288e+01 1.359e+01 1.433e+01 1.512e+01 1.594e+01 1.681e+01 1.773e+01 1.870e+01
 1.973e+01 2.081e+01 2.194e+01 2.314e+01 2.441e+01 2.574e+01 2.715e+01 2.864e+01
 3.020e+01 3.186e+01 3.360e+01 3.544e+01 3.737e+01 3.942e+01 4.157e+01 4.385e+01
 4.625e+01 4.877e+01 5.144e+01 5.426e+01 5.722e+01 6.035e+01 6.365e+01 6.713e+01
 7.081e+01 7.468e+01 7.876e+01 8.307e+01 8.761e+01 9.241e+01 9.746e+01 1.028e+02
 1.084e+02 1.143e+02 1.206e+02 1.272e+02 1.341e+02 1.415e+02 1.492e+02 1.574e+02
 1.660e+02 1.751e+02 1.846e+02 1.947e+02 2.054e+02 2.166e+02 2.285e+02 2.410e+02
 2.542e+02 2.681e+02 2.827e+02 2.982e+02 3.145e+02 3.317e+02 3.498e+02 3.690e+02
 3.891e+02 4.104e+02 4.329e+02 4.565e+02 4.815e+02 5.078e+02 5.356e+02 5.649e+02
 5.958e+02 6.284e+02 6.628e+02 6.990e+02 7.373e+02 7.776e+02 8.201e+02 8.650e+02
 9.123e+02 9.622e+02 1.015e+03 1.070e+03 1.129e+03 1.191e+03 1.256e+03 1.324e+03
 1.397e+03 1.473e+03 1.554e+03 1.639e+03 1.728e+03 1.823e+03 1.923e+03 2.028e+03
 2.139e+03 2.256e+03 2.379e+03 2.509e+03 2.646e+03 2.791e+03 2.944e+03 3.105e+03
 3.274e+03 3.454e+03 3.642e+03 3.842e+03 4.052e+03 4.273e+03 4.507e+03 4.754e+03
 5.014e+03 5.288e+03 5.577e+03 5.882e+03 6.204e+03 6.543e+03 6.901e+03 7.278e+03
 7.676e+03 8.096e+03 8.539e+03 9.006e+03 9.499e+03 1.002e+04 1.057e+04 1.114e+04
 1.175e+04 1.240e+04 1.307e+04 1.379e+04 1.454e+04 1.534e+04 1.618e+04 1.706e+04
 1.800e+04 1.898e+04 2.002e+04 2.111e+04 2.227e+04 2.349e+04 2.477e+04 2.612e+04
 2.755e+04 2.906e+04 3.065e+04 3.233e+04 3.409e+04 3.596e+04 3.793e+04 4.000e+04
sqrt(<Z^2>) for tau[ms]=    0.1
 6.930e-02 9.520e-02 1.283e-01 1.696e-01 2.198e-01 2.790e-01 3.464e-01 4.202e-01
 4.973e-01 5.740e-01 6.466e-01 7.120e-01 7.684e-01 8.155e-01 8.537e-01 8.843e-01
 9.087e-01 9.284e-01 9.447e-01 9.592e-01 9.731e-01 9.881e-01 1.006e+00 1.028e+00
 1.056e+00 1.092e+00 1.138e+00 1.193e+00 1.257e+00 1.328e+00 1.404e+00 1.483e+00
 1.562e+00 1.639e+00 1.716e+00 1.793e+00 1.871e+00 1.952e+00 2.036e+00 2.124e+00
 2.214e+00 2.305e+00 2.394e+00 2.480e+00 2.563e+00 2.643e+00 2.721e+00 2.797e+00
 2.873e+00 2.951e+00 3.030e+00 3.113e+00 3.197e+00 3.284e+00 3.373e+00 3.462e+00
 3.551e+00 3.640e+00 3.727e+00 3.813e+00 3.896e+00 3.976e+00 4.052e+00 4.124e+00
 4.191e+00 4.254e+00 4.313e+00 4.367e+00 4.416e+00 4.461e+00 4.501e+00 4.538e+00
 4.572e+00 4.602e+00 4.629e+00 4.653e+00 4.676e+00 4.696e+00 4.714e+00 4.730e+00
 4.745e+00 4.758e+00 4.771e+00 4.782e+00 4.793e+00 4.803e+00 4.812e+00 4.822e+00
 4.831e+00 4.840e+00 4.849e+00 4.858e+00 4.868e+00 4.879e+00 4.890e+00 4.902e+00
 4.916e+00 4.930e+00 4.946e+00 4.963e+00 4.982e+00 5.002e+00 5.023e+00 5.046e+00
 5.070e+00 5.095e+00 5.122e+00 5.149e+00 5.177e+00 5.206e+00 5.235e+00 5.265e+00
 5.295e+00 5.325e+00 5.355e+00 5.384e+00 5.414e+00 5.442e+00 5.471e+00 5.498e+00
 5.525e+00 5.551e+00 5.577e+00 5.601e+00 5.625e+00 5.647e+00 5.669e+00 5.689e+00
 5.709e+00 5.728e+00 5.746e+00 5.763e+00 5.780e+00 5.795e+00 5.809e+00 5.823e+00
 5.836e+00 5.848e+00 5.859e+00 5.869e+00 5.878e+00 5.887e+00 5.895e+00 5.903e+00
 5.910e+00 5.917e+00 5.923e+00 5.929e+00 5.935e+00 5.940e+00 5.945e+00 5.949e+00
 5.954e+00 5.958e+00 5.961e+00 5.965e+00 5.968e+00 5.971e+00 5.974e+00 5.976e+00
 5.978e+00 5.980e+00 5.981e+00 5.983e+00 5.984e+00 5.985e+00 5.985e+00 5.985e+00
 5.985e+00 5.985e+00 5.985e+00 5.984e+00 5.984e+00 5.983e+00 5.982e+00 5.981e+00
 5.980e+00 5.979e+00 5.978e+00 5.977e+00 5.976e+00 5.975e+00 5.974e+00 5.972e+00
 5.971e+00 5.970e+00 5.969e+00 5.967e+00 5.966e+00 5.965e+00 5.964e+00 5.962e+00
 5.961e+00 5.960e+00 5.958e+00 5.957e+00 5.956e+00 5.954e+00 5.953e+00 5.951e+00
sqrt(<Z^2>) for tau[ms]=    1.0
 2.023e-01 2.751e-01 3.628e-01 4.618e-01 5.649e-01 6.633e-01 7.490e-01 8.179e-01
 8.700e-01 9.078e-01 9.344e-01 9.532e-01 9.665e-01 9.764e-01 9.843e-01 9.918e-01
 1.000e+00 1.012e+00 1.029e+00 1.055e+00 1.094e+00 1.147e+00 1.217e+00 1.303e+00
 1.399e+00 1.499e+00 1.596e+00 1.686e+00 1.766e+00 1.838e+00 1.907e+00 1.979e+00
 2.058e+00 2.148e+00 2.249e+00 2.357e+00 2.466e+00 2.571e+00 2.667e+00 2.754e+00
 2.834e+00 2.912e+00 2.992e+00 3.078e+00 3.172e+00 3.276e+00 3.389e+00 3.509e+00
 3.633e+00 3.758e+00 3.884e+00 4.007e+00 4.126e+00 4.238e+00 4.341e+00 4.434e+00
 4.516e+00 4.588e+00 4.649e+00 4.701e+00 4.744e+00 4.781e+00 4.811e+00 4.837e+00
 4.858e+00 4.876e+00 4.891e+00 4.904e+00 4.915e+00 4.924e+00 4.932e+00 4.938e+00
 4.944e+00 4.949e+00 4.954e+00 4.958e+00 4.961e+00 4.964e+00 4.967e+00 4.971e+00
 4.974e+00 4.978e+00 4.983e+00 4.989e+00 4.996e+00 5.005e+00 5.017e+00 5.033e+00
 5.051e+00 5.075e+00 5.102e+00 5.135e+00 5.174e+00 5.217e+00 5.266e+00 5.319e+00
 5.377e+00 5.439e+00 5.504e+00 5.571e+00 5.640e+00 5.711e+00 5.781e+00 5.850e+00
 5.918e+00 5.984e+00 6.047e+00 6.108e+00 6.165e+00 6.218e+00 6.269e+00 6.315e+00
 6.359e+00 6.398e+00 6.435e+00 6.469e+00 6.500e+00 6.528e+00 6.554e+00 6.577e+00
 6.599e+00 6.619e+00 6.637e+00 6.653e+00 6.668e+00 6.682e+00 6.695e+00 6.706e+00
 6.717e+00 6.727e+00 6.736e+00 6.744e+00 6.751e+00 6.758e+00 6.765e+00 6.771e+00
 6.776e+00 6.781e+00 6.785e+00 6.790e+00 6.793e+00 6.797e+00 6.800e+00 6.803e+00
 6.806e+00 6.809e+00 6.811e+00 6.813e+00 6.815e+00 6.817e+00 6.819e+00 6.821e+00
 6.823e+00 6.824e+00 6.825e+00 6.827e+00 6.828e+00 6.829e+00 6.830e+00 6.831e+00
 6.832e+00 6.833e+00 6.834e+00 6.834e+00 6.835e+00 6.835e+00 6.836e+00 6.836e+00
 6.837e+00 6.837e+00 6.837e+00 6.837e+00 6.837e+00 6.837e+00 6.838e+00 6.838e+00
 6.838e+00 6.838e+00 6.838e+00 6.838e+00 6.838e+00 6.838e+00 6.838e+00 6.837e+00
 6.837e+00 6.837e+00 6.837e+00 6.837e+00 6.837e+00 6.837e+00 6.837e+00 6.837e+00
 6.837e+00 6.837e+00 6.837e+00 6.837e+00 6.836e+00 6.836e+00 6.836e+00 6.836e+00
sqrt(<Z^2>) for tau[ms]=   10.0
 4.060e-01 5.348e-01 6.623e-01 7.710e-01 8.522e-01 9.069e-01 9.417e-01 9.632e-01
 9.765e-01 9.847e-01 9.901e-01 9.939e-01 9.973e-01 1.001e+00 1.007e+00 1.018e+00
 1.036e+00 1.067e+00 1.115e+00 1.186e+00 1.281e+00 1.393e+00 1.511e+00 1.624e+00
 1.722e+00 1.802e+00 1.866e+00 1.920e+00 1.971e+00 2.028e+00 2.097e+00 2.183e+00
 2.288e+00 2.406e+00 2.526e+00 2.639e+00 2.738e+00 2.824e+00 2.900e+00 2.975e+00
 3.056e+00 3.149e+00 3.260e+00 3.388e+00 3.532e+00 3.688e+00 3.851e+00 4.014e+00
 4.173e+00 4.321e+00 4.453e+00 4.565e+00 4.658e+00 4.732e+00 4.791e+00 4.836e+00
 4.871e+00 4.898e+00 4.919e+00 4.935e+00 4.947e+00 4.957e+00 4.964e+00 4.970e+00
 4.975e+00 4.979e+00 4.982e+00 4.985e+00 4.987e+00 4.988e+00 4.990e+00 4.991e+00
 4.992e+00 4.993e+00 4.994e+00 4.995e+00 4.997e+00 5.000e+00 5.003e+00 5.009e+00
 5.017e+00 5.029e+00 5.045e+00 5.068e+00 5.097e+00 5.136e+00 5.183e+00 5.241e+00
 5.308e+00 5.384e+00 5.468e+00 5.560e+00 5.658e+00 5.761e+00 5.868e+00 5.975e+00
 6.081e+00 6.183e+00 6.279e+00 6.367e+00 6.447e+00 6.518e+00 6.581e+00 6.635e+00
 6.682e+00 6.722e+00 6.757e+00 6.786e+00 6.811e+00 6.833e+00 6.851e+00 6.867e+00
 6.880e+00 6.892e+00 6.902e+00 6.911e+00 6.919e+00 6.925e+00 6.931e+00 6.936e+00
 6.941e+00 6.945e+00 6.949e+00 6.952e+00 6.955e+00 6.957e+00 6.959e+00 6.961e+00
 6.963e+00 6.965e+00 6.966e+00 6.968e+00 6.969e+00 6.970e+00 6.971e+00 6.972e+00
 6.973e+00 6.974e+00 6.975e+00 6.975e+00 6.976e+00 6.976e+00 6.977e+00 6.977e+00
 6.978e+00 6.978e+00 6.978e+00 6.979e+00 6.979e+00 6.979e+00 6.980e+00 6.980e+00
 6.980e+00 6.980e+00 6.981e+00 6.981e+00 6.981e+00 6.981e+00 6.981e+00 6.981e+00
 6.982e+00 6.982e+00 6.982e+00 6.982e+00 6.982e+00 6.982e+00 6.982e+00 6.982e+00
 6.982e+00 6.982e+00 6.982e+00 6.982e+00 6.982e+00 6.982e+00 6.982e+00 6.983e+00
 6.983e+00 6.983e+00 6.983e+00 6.983e+00 6.983e+00 6.983e+00 6.983e+00 6.983e+00
 6.983e+00 6.983e+00 6.983e+00 6.983e+00 6.983e+00 6.983e+00 6.983e+00 6.983e+00
 6.983e+00 6.983e+00 6.983e+00 6.983e+00 6.983e+00 6.983e+00 6.983e+00 6.983e+00
sqrt(<Z^2>) for tau[ms]=  100.0
 4.863e-01 6.293e-01 7.562e-01 8.508e-01 9.124e-01 9.492e-01 9.703e-01 9.824e-01
 9.894e-01 9.936e-01 9.963e-01 9.984e-01 1.001e+00 1.005e+00 1.012e+00 1.025e+00
 1.048e+00 1.087e+00 1.149e+00 1.236e+00 1.347e+00 1.470e+00 1.592e+00 1.699e+00
 1.787e+00 1.855e+00 1.909e+00 1.955e+00 2.002e+00 2.057e+00 2.129e+00 2.221e+00
 2.332e+00 2.454e+00 2.575e+00 2.685e+00 2.780e+00 2.861e+00 2.935e+00 3.010e+00
 3.095e+00 3.196e+00 3.318e+00 3.459e+00 3.618e+00 3.790e+00 3.966e+00 4.141e+00
 4.305e+00 4.452e+00 4.576e+00 4.677e+00 4.755e+00 4.816e+00 4.861e+00 4.894e+00
 4.920e+00 4.938e+00 4.952e+00 4.963e+00 4.971e+00 4.977e+00 4.981e+00 4.985e+00
 4.988e+00 4.990e+00 4.992e+00 4.993e+00 4.994e+00 4.995e+00 4.996e+00 4.996e+00
 4.997e+00 4.998e+00 4.999e+00 5.000e+00 5.003e+00 5.006e+00 5.012e+00 5.021e+00
 5.035e+00 5.054e+00 5.082e+00 5.119e+00 5.167e+00 5.226e+00 5.296e+00 5.378e+00
 5.469e+00 5.569e+00 5.676e+00 5.791e+00 5.911e+00 6.033e+00 6.154e+00 6.270e+00
 6.378e+00 6.476e+00 6.562e+00 6.635e+00 6.697e+00 6.749e+00 6.792e+00 6.827e+00
 6.855e+00 6.878e+00 6.898e+00 6.913e+00 6.926e+00 6.937e+00 6.946e+00 6.953e+00
 6.959e+00 6.964e+00 6.968e+00 6.972e+00 6.975e+00 6.978e+00 6.980e+00 6.982e+00
 6.984e+00 6.986e+00 6.987e+00 6.988e+00 6.989e+00 6.990e+00 6.991e+00 6.991e+00
 6.992e+00 6.993e+00 6.993e+00 6.994e+00 6.994e+00 6.994e+00 6.995e+00 6.995e+00
 6.995e+00 6.995e+00 6.996e+00 6.996e+00 6.996e+00 6.996e+00 6.996e+00 6.996e+00
 6.997e+00 6.997e+00 6.997e+00 6.997e+00 6.997e+00 6.997e+00 6.997e+00 6.997e+00
 6.997e+00 6.997e+00 6.997e+00 6.998e+00 6.998e+00 6.998e+00 6.998e+00 6.998e+00
 6.998e+00 6.998e+00 6.998e+00 6.998e+00 6.998e+00 6.998e+00 6.998e+00 6.998e+00
 6.998e+00 6.998e+00 6.998e+00 6.998e+00 6.998e+00 6.998e+00 6.998e+00 6.998e+00
 6.998e+00 6.998e+00 6.998e+00 6.998e+00 6.998e+00 6.998e+00 6.998e+00 6.998e+00
 6.998e+00 6.998e+00 6.998e+00 6.998e+00 6.998e+00 6.998e+00 6.998e+00 6.998e+00
 6.998e+00 6.998e+00 6.998e+00 6.998e+00 6.998e+00 6.998e+00 6.998e+00 6.998e+00
sqrt(<Z^2>) for tau[ms]= 1000.0
 4.972e-01 6.418e-01 7.680e-01 8.602e-01 9.191e-01 9.537e-01 9.733e-01 9.844e-01
 9.907e-01 9.945e-01 9.969e-01 9.989e-01 1.001e+00 1.005e+00 1.012e+00 1.025e+00
 1.049e+00 1.090e+00 1.153e+00 1.243e+00 1.355e+00 1.480e+00 1.601e+00 1.708e+00
 1.794e+00 1.861e+00 1.913e+00 1.958e+00 2.005e+00 2.060e+00 2.132e+00 2.225e+00
 2.337e+00 2.460e+00 2.581e+00 2.690e+00 2.784e+00 2.865e+00 2.939e+00 3.014e+00
 3.099e+00 3.201e+00 3.324e+00 3.468e+00 3.629e+00 3.802e+00 3.980e+00 4.156e+00
 4.321e+00 4.467e+00 4.590e+00 4.689e+00 4.766e+00 4.824e+00 4.868e+00 4.900e+00
 4.925e+00 4.942e+00 4.956e+00 4.966e+00 4.973e+00 4.979e+00 4.983e+00 4.986e+00
 4.989e+00 4.991e+00 4.993e+00 4.994e+00 4.995e+00 4.996e+00 4.996e+00 4.997e+00
 4.998e+00 4.998e+00 4.999e+00 5.001e+00 5.003e+00 5.007e+00 5.013e+00 5.023e+00
 5.038e+00 5.059e+00 5.089e+00 5.128e+00 5.179e+00 5.241e+00 5.315e+00 5.400e+00
 5.495e+00 5.598e+00 5.709e+00 5.827e+00 5.949e+00 6.073e+00 6.196e+00 6.312e+00
 6.420e+00 6.516e+00 6.599e+00 6.669e+00 6.728e+00 6.777e+00 6.817e+00 6.849e+00
 6.875e+00 6.896e+00 6.913e+00 6.927e+00 6.939e+00 6.948e+00 6.956e+00 6.962e+00
 6.967e+00 6.972e+00 6.975e+00 6.978e+00 6.981e+00 6.983e+00 6.985e+00 6.987e+00
 6.988e+00 6.990e+00 6.991e+00 6.992e+00 6.992e+00 6.993e+00 6.994e+00 6.994e+00
 6.995e+00 6.995e+00 6.996e+00 6.996e+00 6.996e+00 6.997e+00 6.997e+00 6.997e+00
 6.997e+00 6.998e+00 6.998e+00 6.998e+00 6.998e+00 6.998e+00 6.998e+00 6.998e+00
 6.999e+00 6.999e+00 6.999e+00 6.999e+00 6.999e+00 6.999e+00 6.999e+00 6.999e+00
 6.999e+00 6.999e+00 6.999e+00 6.999e+00 6.999e+00 6.999e+00 6.999e+00 6.999e+00
 6.999e+00 6.999e+00 6.999e+00 6.999e+00 6.999e+00 7.000e+00 7.000e+00 7.000e+00
 7.000e+00 7.000e+00 7.000e+00 7.000e+00 7.000e+00 7.000e+00 7.000e+00 7.000e+00
 7.000e+00 7.000e+00 7.000e+00 7.000e+00 7.000e+00 7.000e+00 7.000e+00 7.000e+00
 7.000e+00 7.000e+00 7.000e+00 7.000e+00 7.000e+00 7.000e+00 7.000e+00 7.000e+00
 7.000e+00 7.000e+00 7.000e+00 7.000e+00 7.000e+00 7.000e+00 7.000e+00 7.000e+00
sqrt(<Z^2>) in equilibrium - infinite confinement
 4.985e-01 6.432e-01 7.693e-01 8.613e-01 9.199e-01 9.542e-01 9.737e-01 9.846e-01
 9.909e-01 9.946e-01 9.970e-01 9.989e-01 1.001e+00 1.005e+00 1.012e+00 1.025e+00
 1.049e+00 1.090e+00 1.154e+00 1.243e+00 1.356e+00 1.481e+00 1.602e+00 1.709e+00
 1.795e+00 1.861e+00 1.914e+00 1.959e+00 2.005e+00 2.061e+00 2.133e+00 2.226e+00
 2.338e+00 2.460e+00 2.581e+00 2.691e+00 2.785e+00 2.865e+00 2.939e+00 3.015e+00
 3.100e+00 3.202e+00 3.325e+00 3.469e+00 3.630e+00 3.803e+00 3.981e+00 4.157e+00
 4.322e+00 4.469e+00 4.592e+00 4.690e+00 4.767e+00 4.825e+00 4.869e+00 4.901e+00
 4.925e+00 4.943e+00 4.956e+00 4.966e+00 4.973e+00 4.979e+00 4.983e+00 4.987e+00
 4.989e+00 4.991e+00 4.993e+00 4.994e+00 4.995e+00 4.996e+00 4.996e+00 4.997e+00
 4.998e+00 4.998e+00 4.999e+00 5.001e+00 5.003e+00 5.007e+00 5.014e+00 5.023e+00
 5.038e+00 5.060e+00 5.089e+00 5.129e+00 5.180e+00 5.243e+00 5.318e+00 5.403e+00
 5.498e+00 5.601e+00 5.713e+00 5.831e+00 5.954e+00 6.078e+00 6.201e+00 6.317e+00
 6.425e+00 6.520e+00 6.603e+00 6.673e+00 6.732e+00 6.780e+00 6.819e+00 6.851e+00
 6.877e+00 6.898e+00 6.915e+00 6.929e+00 6.940e+00 6.949e+00 6.957e+00 6.963e+00
 6.968e+00 6.973e+00 6.976e+00 6.979e+00 6.982e+00 6.984e+00 6.986e+00 6.988e+00
 6.989e+00 6.990e+00 6.991e+00 6.992e+00 6.993e+00 6.994e+00 6.994e+00 6.995e+00
 6.995e+00 6.996e+00 6.996e+00 6.996e+00 6.997e+00 6.997e+00 6.997e+00 6.997e+00
 6.998e+00 6.998e+00 6.998e+00 6.998e+00 6.998e+00 6.998e+00 6.999e+00 6.999e+00
 6.999e+00 6.999e+00 6.999e+00 6.999e+00 6.999e+00 6.999e+00 6.999e+00 6.999e+00
 6.999e+00 6.999e+00 6.999e+00 6.999e+00 6.999e+00 6.999e+00 7.000e+00 7.000e+00
 7.000e+00 7.000e+00 7.000e+00 7.000e+00 7.000e+00 7.000e+00 7.000e+00 7.000e+00
 7.000e+00 7.000e+00 7.000e+00 7.000e+00 7.000e+00 7.000e+00 7.000e+00 7.000e+00
 7.000e+00 7.000e+00 7.000e+00 7.000e+00 7.000e+00 7.000e+00 7.000e+00 7.000e+00
 7.000e+00 7.000e+00 7.000e+00 7.000e+00 7.000e+00 7.000e+00 7.000e+00 7.000e+00
 7.000e+00 7.000e+00 7.000e+00 7.000e+00 7.000e+00 7.000e+00 7.000e+00 7.000e+00
C-------------------------------------------------------------------------------
C
C  The fractional abundance and radiated power were generated from the
C  ADAS installation at UKAEA with the named adf11 files. The adf11 data
C  files may be updated in a later release of ADAS and publicly
C  available versions may be found at https://open.adas.ac.uk/.
C
C  The equilibrium balance data was produced with run_adas405.py and
C  the balance with a confinement time with adas4xx_ionbal_tau.py
C  which are functions from the ADAS library. Details on these codes
C  may be found at: https://www.adas.ac.uk/python_lib/index.html
C
C  Copyright (C) 2023 UK Atomic Energy Authority
C
C  This file was generated for use in the UKAEA systems code PROCESS
C  using a script written by Martin O'Mullane.
C  If acquired without provenance a user is strongly advised
C  to check its validity by re-generating using the adf11 files from
C  the OPEN-ADAS site.
C
C  Produced by : Timothy Nunn
C  Date        : 24-05-23
C
C-------------------------------------------------------------------------------
