Radiated power per atom (W m3) as a function dwell time.
Temperature :      1.0 -  40000.0 eV
Density     : 1.00e+20 m-3
   200     5  # Te values, dwell time

Source data:
acd : /home/adas/adas/adf11/acd96/acd96_ne.dat
scd : /home/adas/adas/adf11/scd96/scd96_ne.dat
plt : /home/adas/adas/adf11/plt96/plt96_ne.dat
prb : /home/adas/adas/adf11/prb96/prb96_ne.dat

Te[eV]
 1.000e+00 1.055e+00 1.112e+00 1.173e+00 1.237e+00 1.305e+00 1.376e+00 1.452e+00
 1.531e+00 1.615e+00 1.703e+00 1.796e+00 1.895e+00 1.998e+00 2.107e+00 2.223e+00
 2.344e+00 2.473e+00 2.608e+00 2.750e+00 2.901e+00 3.059e+00 3.227e+00 3.403e+00
 3.589e+00 3.786e+00 3.993e+00 4.211e+00 4.441e+00 4.684e+00 4.941e+00 5.211e+00
 5.496e+00 5.796e+00 6.113e+00 6.448e+00 6.800e+00 7.172e+00 7.565e+00 7.978e+00
 8.415e+00 8.875e+00 9.360e+00 9.872e+00 1.041e+01 1.098e+01 1.158e+01 1.222e+01
 1.288e+01 1.359e+01 1.433e+01 1.512e+01 1.594e+01 1.681e+01 1.773e+01 1.870e+01
 1.973e+01 2.081e+01 2.194e+01 2.314e+01 2.441e+01 2.574e+01 2.715e+01 2.864e+01
 3.020e+01 3.186e+01 3.360e+01 3.544e+01 3.737e+01 3.942e+01 4.157e+01 4.385e+01
 4.625e+01 4.877e+01 5.144e+01 5.426e+01 5.722e+01 6.035e+01 6.365e+01 6.713e+01
 7.081e+01 7.468e+01 7.876e+01 8.307e+01 8.761e+01 9.241e+01 9.746e+01 1.028e+02
 1.084e+02 1.143e+02 1.206e+02 1.272e+02 1.341e+02 1.415e+02 1.492e+02 1.574e+02
 1.660e+02 1.751e+02 1.846e+02 1.947e+02 2.054e+02 2.166e+02 2.285e+02 2.410e+02
 2.542e+02 2.681e+02 2.827e+02 2.982e+02 3.145e+02 3.317e+02 3.498e+02 3.690e+02
 3.891e+02 4.104e+02 4.329e+02 4.565e+02 4.815e+02 5.078e+02 5.356e+02 5.649e+02
 5.958e+02 6.284e+02 6.628e+02 6.990e+02 7.373e+02 7.776e+02 8.201e+02 8.650e+02
 9.123e+02 9.622e+02 1.015e+03 1.070e+03 1.129e+03 1.191e+03 1.256e+03 1.324e+03
 1.397e+03 1.473e+03 1.554e+03 1.639e+03 1.728e+03 1.823e+03 1.923e+03 2.028e+03
 2.139e+03 2.256e+03 2.379e+03 2.509e+03 2.646e+03 2.791e+03 2.944e+03 3.105e+03
 3.274e+03 3.454e+03 3.642e+03 3.842e+03 4.052e+03 4.273e+03 4.507e+03 4.754e+03
 5.014e+03 5.288e+03 5.577e+03 5.882e+03 6.204e+03 6.543e+03 6.901e+03 7.278e+03
 7.676e+03 8.096e+03 8.539e+03 9.006e+03 9.499e+03 1.002e+04 1.057e+04 1.114e+04
 1.175e+04 1.240e+04 1.307e+04 1.379e+04 1.454e+04 1.534e+04 1.618e+04 1.706e+04
 1.800e+04 1.898e+04 2.002e+04 2.111e+04 2.227e+04 2.349e+04 2.477e+04 2.612e+04
 2.755e+04 2.906e+04 3.065e+04 3.233e+04 3.409e+04 3.596e+04 3.793e+04 4.000e+04
Lz[Wm**3] for tau[ms]=    0.1
 9.872e-40 2.268e-39 5.093e-39 1.115e-38 2.374e-38 4.899e-38 9.772e-38 1.879e-37
 3.471e-37 6.158e-37 1.053e-36 1.741e-36 2.790e-36 4.349e-36 6.608e-36 9.782e-36
 1.410e-35 1.977e-35 2.697e-35 3.583e-35 4.647e-35 5.910e-35 7.417e-35 9.252e-35
 1.156e-34 1.456e-34 1.857e-34 2.397e-34 3.128e-34 4.110e-34 5.415e-34 7.121e-34
 9.311e-34 1.207e-33 1.547e-33 1.959e-33 2.450e-33 3.026e-33 3.692e-33 4.454e-33
 5.315e-33 6.281e-33 7.353e-33 8.533e-33 9.818e-33 1.120e-32 1.268e-32 1.424e-32
 1.588e-32 1.758e-32 1.935e-32 2.120e-32 2.314e-32 2.518e-32 2.732e-32 2.958e-32
 3.193e-32 3.438e-32 3.687e-32 3.939e-32 4.189e-32 4.435e-32 4.672e-32 4.901e-32
 5.118e-32 5.325e-32 5.521e-32 5.707e-32 5.884e-32 6.051e-32 6.209e-32 6.357e-32
 6.495e-32 6.621e-32 6.736e-32 6.837e-32 6.924e-32 6.994e-32 7.046e-32 7.079e-32
 7.093e-32 7.085e-32 7.057e-32 7.009e-32 6.943e-32 6.859e-32 6.759e-32 6.645e-32
 6.520e-32 6.384e-32 6.241e-32 6.092e-32 5.940e-32 5.785e-32 5.629e-32 5.473e-32
 5.320e-32 5.170e-32 5.024e-32 4.884e-32 4.751e-32 4.624e-32 4.504e-32 4.390e-32
 4.283e-32 4.182e-32 4.087e-32 3.997e-32 3.912e-32 3.832e-32 3.758e-32 3.689e-32
 3.624e-32 3.565e-32 3.511e-32 3.461e-32 3.415e-32 3.374e-32 3.336e-32 3.302e-32
 3.270e-32 3.241e-32 3.214e-32 3.189e-32 3.164e-32 3.141e-32 3.120e-32 3.098e-32
 3.078e-32 3.058e-32 3.039e-32 3.021e-32 3.002e-32 2.984e-32 2.966e-32 2.948e-32
 2.930e-32 2.912e-32 2.893e-32 2.874e-32 2.855e-32 2.836e-32 2.818e-32 2.799e-32
 2.781e-32 2.763e-32 2.745e-32 2.727e-32 2.709e-32 2.691e-32 2.673e-32 2.654e-32
 2.636e-32 2.617e-32 2.598e-32 2.579e-32 2.560e-32 2.540e-32 2.521e-32 2.502e-32
 2.483e-32 2.463e-32 2.444e-32 2.425e-32 2.406e-32 2.387e-32 2.368e-32 2.349e-32
 2.330e-32 2.312e-32 2.293e-32 2.274e-32 2.255e-32 2.235e-32 2.216e-32 2.197e-32
 2.178e-32 2.158e-32 2.139e-32 2.120e-32 2.101e-32 2.082e-32 2.063e-32 2.045e-32
 2.026e-32 2.008e-32 1.990e-32 1.972e-32 1.954e-32 1.936e-32 1.919e-32 1.901e-32
 1.884e-32 1.867e-32 1.850e-32 1.833e-32 1.816e-32 1.800e-32 1.783e-32 1.767e-32
Lz[Wm**3] for tau[ms]=    1.0
 1.070e-39 2.456e-39 5.504e-39 1.201e-38 2.543e-38 5.217e-38 1.033e-37 1.969e-37
 3.596e-37 6.278e-37 1.048e-36 1.671e-36 2.542e-36 3.688e-36 5.101e-36 6.741e-36
 8.570e-36 1.062e-35 1.304e-35 1.620e-35 2.067e-35 2.741e-35 3.785e-35 5.410e-35
 7.918e-35 1.171e-34 1.727e-34 2.514e-34 3.585e-34 4.989e-34 6.771e-34 8.980e-34
 1.167e-33 1.488e-33 1.869e-33 2.316e-33 2.836e-33 3.436e-33 4.123e-33 4.899e-33
 5.767e-33 6.722e-33 7.759e-33 8.874e-33 1.007e-32 1.136e-32 1.277e-32 1.431e-32
 1.602e-32 1.790e-32 1.995e-32 2.214e-32 2.445e-32 2.682e-32 2.919e-32 3.153e-32
 3.379e-32 3.594e-32 3.797e-32 3.988e-32 4.167e-32 4.335e-32 4.494e-32 4.644e-32
 4.784e-32 4.913e-32 5.028e-32 5.126e-32 5.200e-32 5.244e-32 5.251e-32 5.216e-32
 5.133e-32 5.001e-32 4.823e-32 4.604e-32 4.353e-32 4.081e-32 3.797e-32 3.512e-32
 3.233e-32 2.967e-32 2.717e-32 2.487e-32 2.277e-32 2.086e-32 1.915e-32 1.762e-32
 1.624e-32 1.502e-32 1.392e-32 1.295e-32 1.209e-32 1.132e-32 1.064e-32 1.004e-32
 9.507e-33 9.042e-33 8.638e-33 8.290e-33 7.996e-33 7.752e-33 7.554e-33 7.400e-33
 7.285e-33 7.206e-33 7.160e-33 7.143e-33 7.152e-33 7.183e-33 7.234e-33 7.299e-33
 7.375e-33 7.458e-33 7.544e-33 7.628e-33 7.707e-33 7.778e-33 7.837e-33 7.883e-33
 7.915e-33 7.933e-33 7.935e-33 7.924e-33 7.901e-33 7.866e-33 7.821e-33 7.768e-33
 7.707e-33 7.640e-33 7.568e-33 7.492e-33 7.413e-33 7.333e-33 7.251e-33 7.168e-33
 7.086e-33 7.004e-33 6.923e-33 6.843e-33 6.766e-33 6.690e-33 6.616e-33 6.546e-33
 6.478e-33 6.413e-33 6.350e-33 6.289e-33 6.231e-33 6.175e-33 6.121e-33 6.069e-33
 6.019e-33 5.970e-33 5.923e-33 5.878e-33 5.834e-33 5.792e-33 5.750e-33 5.711e-33
 5.672e-33 5.634e-33 5.598e-33 5.562e-33 5.528e-33 5.494e-33 5.461e-33 5.428e-33
 5.396e-33 5.365e-33 5.335e-33 5.305e-33 5.276e-33 5.247e-33 5.219e-33 5.192e-33
 5.165e-33 5.139e-33 5.112e-33 5.087e-33 5.061e-33 5.036e-33 5.011e-33 4.986e-33
 4.961e-33 4.937e-33 4.913e-33 4.889e-33 4.866e-33 4.843e-33 4.820e-33 4.797e-33
 4.774e-33 4.752e-33 4.730e-33 4.709e-33 4.687e-33 4.666e-33 4.645e-33 4.624e-33
Lz[Wm**3] for tau[ms]=   10.0
 1.503e-39 3.502e-39 7.899e-39 1.721e-38 3.615e-38 7.295e-38 1.407e-37 2.572e-37
 4.407e-37 6.995e-37 1.019e-36 1.361e-36 1.682e-36 1.965e-36 2.244e-36 2.596e-36
 3.152e-36 4.120e-36 5.841e-36 8.897e-36 1.428e-35 2.363e-35 3.934e-35 6.445e-35
 1.022e-34 1.556e-34 2.274e-34 3.206e-34 4.387e-34 5.858e-34 7.668e-34 9.877e-34
 1.255e-33 1.576e-33 1.959e-33 2.412e-33 2.943e-33 3.560e-33 4.262e-33 5.046e-33
 5.903e-33 6.830e-33 7.833e-33 8.931e-33 1.015e-32 1.153e-32 1.310e-32 1.487e-32
 1.683e-32 1.895e-32 2.118e-32 2.347e-32 2.576e-32 2.801e-32 3.018e-32 3.224e-32
 3.418e-32 3.600e-32 3.770e-32 3.930e-32 4.081e-32 4.224e-32 4.356e-32 4.475e-32
 4.574e-32 4.642e-32 4.663e-32 4.618e-32 4.487e-32 4.259e-32 3.940e-32 3.552e-32
 3.126e-32 2.698e-32 2.294e-32 1.932e-32 1.619e-32 1.355e-32 1.136e-32 9.554e-33
 8.079e-33 6.875e-33 5.891e-33 5.086e-33 4.427e-33 3.883e-33 3.434e-33 3.062e-33
 2.752e-33 2.495e-33 2.280e-33 2.102e-33 1.956e-33 1.839e-33 1.746e-33 1.678e-33
 1.631e-33 1.606e-33 1.601e-33 1.616e-33 1.649e-33 1.699e-33 1.765e-33 1.845e-33
 1.935e-33 2.033e-33 2.134e-33 2.233e-33 2.327e-33 2.410e-33 2.476e-33 2.523e-33
 2.548e-33 2.551e-33 2.533e-33 2.495e-33 2.443e-33 2.379e-33 2.307e-33 2.230e-33
 2.152e-33 2.074e-33 1.997e-33 1.923e-33 1.853e-33 1.786e-33 1.723e-33 1.664e-33
 1.609e-33 1.557e-33 1.509e-33 1.463e-33 1.421e-33 1.381e-33 1.344e-33 1.309e-33
 1.277e-33 1.246e-33 1.218e-33 1.191e-33 1.167e-33 1.144e-33 1.122e-33 1.102e-33
 1.083e-33 1.066e-33 1.050e-33 1.035e-33 1.021e-33 1.008e-33 9.959e-34 9.847e-34
 9.743e-34 9.646e-34 9.557e-34 9.474e-34 9.397e-34 9.326e-34 9.261e-34 9.200e-34
 9.145e-34 9.093e-34 9.046e-34 9.003e-34 8.963e-34 8.927e-34 8.895e-34 8.866e-34
 8.841e-34 8.819e-34 8.800e-34 8.785e-34 8.773e-34 8.765e-34 8.760e-34 8.757e-34
 8.757e-34 8.759e-34 8.761e-34 8.765e-34 8.770e-34 8.775e-34 8.781e-34 8.789e-34
 8.798e-34 8.809e-34 8.821e-34 8.834e-34 8.849e-34 8.865e-34 8.882e-34 8.900e-34
 8.920e-34 8.940e-34 8.962e-34 8.986e-34 9.010e-34 9.035e-34 9.062e-34 9.090e-34
Lz[Wm**3] for tau[ms]=  100.0
 1.965e-39 4.733e-39 1.100e-38 2.459e-38 5.263e-38 1.071e-37 2.048e-37 3.605e-37
 5.709e-37 7.987e-37 9.887e-37 1.110e-36 1.178e-36 1.237e-36 1.351e-36 1.606e-36
 2.137e-36 3.171e-36 5.119e-36 8.725e-36 1.528e-35 2.676e-35 4.568e-35 7.459e-35
 1.158e-34 1.715e-34 2.443e-34 3.374e-34 4.546e-34 6.005e-34 7.804e-34 1.000e-33
 1.268e-33 1.590e-33 1.975e-33 2.433e-33 2.973e-33 3.598e-33 4.305e-33 5.088e-33
 5.938e-33 6.855e-33 7.852e-33 8.954e-33 1.019e-32 1.161e-32 1.321e-32 1.503e-32
 1.703e-32 1.918e-32 2.142e-32 2.370e-32 2.597e-32 2.818e-32 3.031e-32 3.232e-32
 3.420e-32 3.597e-32 3.762e-32 3.918e-32 4.066e-32 4.204e-32 4.332e-32 4.442e-32
 4.526e-32 4.567e-32 4.540e-32 4.417e-32 4.176e-32 3.816e-32 3.365e-32 2.870e-32
 2.382e-32 1.938e-32 1.556e-32 1.242e-32 9.898e-33 7.907e-33 6.347e-33 5.129e-33
 4.176e-33 3.430e-33 2.843e-33 2.380e-33 2.014e-33 1.722e-33 1.490e-33 1.305e-33
 1.157e-33 1.040e-33 9.477e-34 8.768e-34 8.246e-34 7.894e-34 7.702e-34 7.663e-34
 7.773e-34 8.027e-34 8.421e-34 8.950e-34 9.605e-34 1.037e-33 1.123e-33 1.216e-33
 1.312e-33 1.408e-33 1.497e-33 1.574e-33 1.634e-33 1.672e-33 1.685e-33 1.672e-33
 1.635e-33 1.580e-33 1.510e-33 1.432e-33 1.351e-33 1.269e-33 1.190e-33 1.115e-33
 1.045e-33 9.809e-34 9.224e-34 8.692e-34 8.209e-34 7.772e-34 7.376e-34 7.017e-34
 6.689e-34 6.391e-34 6.118e-34 5.868e-34 5.638e-34 5.427e-34 5.233e-34 5.055e-34
 4.891e-34 4.740e-34 4.601e-34 4.473e-34 4.354e-34 4.245e-34 4.145e-34 4.052e-34
 3.967e-34 3.889e-34 3.818e-34 3.753e-34 3.693e-34 3.639e-34 3.591e-34 3.547e-34
 3.508e-34 3.473e-34 3.443e-34 3.416e-34 3.393e-34 3.374e-34 3.357e-34 3.344e-34
 3.334e-34 3.326e-34 3.321e-34 3.319e-34 3.319e-34 3.322e-34 3.327e-34 3.335e-34
 3.345e-34 3.358e-34 3.373e-34 3.392e-34 3.412e-34 3.436e-34 3.461e-34 3.489e-34
 3.518e-34 3.548e-34 3.579e-34 3.611e-34 3.643e-34 3.675e-34 3.708e-34 3.743e-34
 3.779e-34 3.816e-34 3.855e-34 3.894e-34 3.935e-34 3.977e-34 4.020e-34 4.065e-34
 4.110e-34 4.156e-34 4.204e-34 4.252e-34 4.302e-34 4.352e-34 4.404e-34 4.457e-34
Lz[Wm**3] for tau[ms]= 1000.0
 2.061e-39 5.003e-39 1.172e-38 2.643e-38 5.701e-38 1.167e-37 2.233e-37 3.905e-37
 6.067e-37 8.230e-37 9.823e-37 1.066e-36 1.102e-36 1.140e-36 1.242e-36 1.495e-36
 2.031e-36 3.083e-36 5.076e-36 8.787e-36 1.555e-35 2.739e-35 4.678e-35 7.617e-35
 1.177e-34 1.736e-34 2.463e-34 3.393e-34 4.564e-34 6.021e-34 7.818e-34 1.002e-33
 1.269e-33 1.591e-33 1.977e-33 2.436e-33 2.977e-33 3.603e-33 4.311e-33 5.093e-33
 5.942e-33 6.858e-33 7.855e-33 8.957e-33 1.020e-32 1.161e-32 1.323e-32 1.505e-32
 1.706e-32 1.921e-32 2.145e-32 2.373e-32 2.599e-32 2.820e-32 3.032e-32 3.233e-32
 3.421e-32 3.597e-32 3.761e-32 3.917e-32 4.064e-32 4.202e-32 4.329e-32 4.438e-32
 4.520e-32 4.557e-32 4.523e-32 4.388e-32 4.131e-32 3.753e-32 3.285e-32 2.779e-32
 2.286e-32 1.843e-32 1.467e-32 1.162e-32 9.184e-33 7.280e-33 5.801e-33 4.653e-33
 3.762e-33 3.067e-33 2.525e-33 2.099e-33 1.765e-33 1.500e-33 1.291e-33 1.126e-33
 9.949e-34 8.921e-34 8.125e-34 7.526e-34 7.101e-34 6.834e-34 6.716e-34 6.743e-34
 6.910e-34 7.214e-34 7.652e-34 8.217e-34 8.902e-34 9.691e-34 1.057e-33 1.150e-33
 1.246e-33 1.339e-33 1.425e-33 1.498e-33 1.552e-33 1.582e-33 1.587e-33 1.565e-33
 1.520e-33 1.457e-33 1.383e-33 1.301e-33 1.218e-33 1.137e-33 1.059e-33 9.859e-34
 9.190e-34 8.580e-34 8.028e-34 7.530e-34 7.082e-34 6.678e-34 6.314e-34 5.985e-34
 5.688e-34 5.417e-34 5.170e-34 4.945e-34 4.739e-34 4.550e-34 4.377e-34 4.218e-34
 4.072e-34 3.939e-34 3.816e-34 3.703e-34 3.599e-34 3.503e-34 3.415e-34 3.334e-34
 3.260e-34 3.193e-34 3.131e-34 3.075e-34 3.024e-34 2.978e-34 2.937e-34 2.901e-34
 2.869e-34 2.841e-34 2.816e-34 2.796e-34 2.778e-34 2.764e-34 2.753e-34 2.745e-34
 2.739e-34 2.736e-34 2.736e-34 2.737e-34 2.742e-34 2.748e-34 2.757e-34 2.769e-34
 2.783e-34 2.799e-34 2.818e-34 2.840e-34 2.864e-34 2.890e-34 2.919e-34 2.950e-34
 2.982e-34 3.015e-34 3.049e-34 3.083e-34 3.118e-34 3.153e-34 3.189e-34 3.226e-34
 3.265e-34 3.305e-34 3.346e-34 3.389e-34 3.432e-34 3.477e-34 3.522e-34 3.569e-34
 3.617e-34 3.666e-34 3.716e-34 3.767e-34 3.819e-34 3.872e-34 3.926e-34 3.982e-34
Lz[Wm**3] in equilibrium - infinite confinement
 2.073e-39 5.037e-39 1.182e-38 2.666e-38 5.757e-38 1.180e-37 2.258e-37 3.944e-37
 6.113e-37 8.260e-37 9.815e-37 1.061e-36 1.093e-36 1.128e-36 1.230e-36 1.482e-36
 2.019e-36 3.073e-36 5.072e-36 8.795e-36 1.559e-35 2.747e-35 4.692e-35 7.635e-35
 1.179e-34 1.738e-34 2.466e-34 3.395e-34 4.565e-34 6.023e-34 7.820e-34 1.002e-33
 1.269e-33 1.591e-33 1.977e-33 2.437e-33 2.977e-33 3.603e-33 4.312e-33 5.094e-33
 5.943e-33 6.858e-33 7.855e-33 8.958e-33 1.020e-32 1.161e-32 1.323e-32 1.505e-32
 1.706e-32 1.921e-32 2.145e-32 2.373e-32 2.599e-32 2.820e-32 3.032e-32 3.233e-32
 3.421e-32 3.596e-32 3.761e-32 3.917e-32 4.064e-32 4.202e-32 4.328e-32 4.438e-32
 4.520e-32 4.556e-32 4.521e-32 4.385e-32 4.126e-32 3.746e-32 3.276e-32 2.768e-32
 2.275e-32 1.832e-32 1.457e-32 1.152e-32 9.104e-33 7.210e-33 5.739e-33 4.600e-33
 3.715e-33 3.027e-33 2.489e-33 2.068e-33 1.737e-33 1.476e-33 1.269e-33 1.106e-33
 9.768e-34 8.756e-34 7.974e-34 7.388e-34 6.973e-34 6.716e-34 6.606e-34 6.640e-34
 6.814e-34 7.124e-34 7.566e-34 8.136e-34 8.823e-34 9.615e-34 1.049e-33 1.143e-33
 1.238e-33 1.331e-33 1.417e-33 1.490e-33 1.543e-33 1.572e-33 1.575e-33 1.552e-33
 1.507e-33 1.443e-33 1.368e-33 1.287e-33 1.203e-33 1.122e-33 1.044e-33 9.714e-34
 9.048e-34 8.442e-34 7.894e-34 7.400e-34 6.955e-34 6.556e-34 6.195e-34 5.870e-34
 5.576e-34 5.308e-34 5.064e-34 4.842e-34 4.638e-34 4.452e-34 4.281e-34 4.125e-34
 3.981e-34 3.849e-34 3.728e-34 3.617e-34 3.514e-34 3.420e-34 3.334e-34 3.254e-34
 3.181e-34 3.115e-34 3.054e-34 2.999e-34 2.949e-34 2.905e-34 2.865e-34 2.829e-34
 2.798e-34 2.771e-34 2.747e-34 2.727e-34 2.710e-34 2.697e-34 2.686e-34 2.678e-34
 2.673e-34 2.670e-34 2.670e-34 2.672e-34 2.677e-34 2.684e-34 2.694e-34 2.706e-34
 2.721e-34 2.738e-34 2.758e-34 2.780e-34 2.804e-34 2.830e-34 2.858e-34 2.887e-34
 2.918e-34 2.951e-34 2.985e-34 3.021e-34 3.058e-34 3.096e-34 3.135e-34 3.175e-34
 3.215e-34 3.257e-34 3.300e-34 3.344e-34 3.388e-34 3.434e-34 3.481e-34 3.528e-34
 3.577e-34 3.626e-34 3.677e-34 3.728e-34 3.780e-34 3.834e-34 3.888e-34 3.943e-34
C-------------------------------------------------------------------------------
C
C  The fractional abundance and radiated power were generated from the
C  ADAS installation at UKAEA with the named adf11 files. The adf11 data
C  files may be updated in a later release of ADAS and publicly
C  available versions may be found at https://open.adas.ac.uk/.
C
C  The equilibrium balance data was produced with run_adas405.py and
C  the balance with a confinement time with adas4xx_ionbal_tau.py
C  which are functions from the ADAS library. Details on these codes
C  may be found at: https://www.adas.ac.uk/python_lib/index.html
C
C  Copyright (C) 2023 UK Atomic Energy Authority
C
C  This file was generated for use in the UKAEA systems code PROCESS
C  using a script written by Martin O'Mullane.
C  If acquired without provenance a user is strongly advised
C  to check its validity by re-generating using the adf11 files from
C  the OPEN-ADAS site.
C
C  Produced by : Timothy Nunn
C  Date        : 24-05-23
C
C-------------------------------------------------------------------------------
