Mean charge as a function dwell time.
Temperature :      1.0 -  40000.0 eV
Density     : 1.00e+20 m-3
   200     5  # Te values, dwell time

Source data:
acd : /home/adas/adas/adf11/acd96/acd96_ne.dat
scd : /home/adas/adas/adf11/scd96/scd96_ne.dat
plt : /home/adas/adas/adf11/plt96/plt96_ne.dat
prb : /home/adas/adas/adf11/prb96/prb96_ne.dat

Te[eV]
 1.000e+00 1.055e+00 1.112e+00 1.173e+00 1.237e+00 1.305e+00 1.376e+00 1.452e+00
 1.531e+00 1.615e+00 1.703e+00 1.796e+00 1.895e+00 1.998e+00 2.107e+00 2.223e+00
 2.344e+00 2.473e+00 2.608e+00 2.750e+00 2.901e+00 3.059e+00 3.227e+00 3.403e+00
 3.589e+00 3.786e+00 3.993e+00 4.211e+00 4.441e+00 4.684e+00 4.941e+00 5.211e+00
 5.496e+00 5.796e+00 6.113e+00 6.448e+00 6.800e+00 7.172e+00 7.565e+00 7.978e+00
 8.415e+00 8.875e+00 9.360e+00 9.872e+00 1.041e+01 1.098e+01 1.158e+01 1.222e+01
 1.288e+01 1.359e+01 1.433e+01 1.512e+01 1.594e+01 1.681e+01 1.773e+01 1.870e+01
 1.973e+01 2.081e+01 2.194e+01 2.314e+01 2.441e+01 2.574e+01 2.715e+01 2.864e+01
 3.020e+01 3.186e+01 3.360e+01 3.544e+01 3.737e+01 3.942e+01 4.157e+01 4.385e+01
 4.625e+01 4.877e+01 5.144e+01 5.426e+01 5.722e+01 6.035e+01 6.365e+01 6.713e+01
 7.081e+01 7.468e+01 7.876e+01 8.307e+01 8.761e+01 9.241e+01 9.746e+01 1.028e+02
 1.084e+02 1.143e+02 1.206e+02 1.272e+02 1.341e+02 1.415e+02 1.492e+02 1.574e+02
 1.660e+02 1.751e+02 1.846e+02 1.947e+02 2.054e+02 2.166e+02 2.285e+02 2.410e+02
 2.542e+02 2.681e+02 2.827e+02 2.982e+02 3.145e+02 3.317e+02 3.498e+02 3.690e+02
 3.891e+02 4.104e+02 4.329e+02 4.565e+02 4.815e+02 5.078e+02 5.356e+02 5.649e+02
 5.958e+02 6.284e+02 6.628e+02 6.990e+02 7.373e+02 7.776e+02 8.201e+02 8.650e+02
 9.123e+02 9.622e+02 1.015e+03 1.070e+03 1.129e+03 1.191e+03 1.256e+03 1.324e+03
 1.397e+03 1.473e+03 1.554e+03 1.639e+03 1.728e+03 1.823e+03 1.923e+03 2.028e+03
 2.139e+03 2.256e+03 2.379e+03 2.509e+03 2.646e+03 2.791e+03 2.944e+03 3.105e+03
 3.274e+03 3.454e+03 3.642e+03 3.842e+03 4.052e+03 4.273e+03 4.507e+03 4.754e+03
 5.014e+03 5.288e+03 5.577e+03 5.882e+03 6.204e+03 6.543e+03 6.901e+03 7.278e+03
 7.676e+03 8.096e+03 8.539e+03 9.006e+03 9.499e+03 1.002e+04 1.057e+04 1.114e+04
 1.175e+04 1.240e+04 1.307e+04 1.379e+04 1.454e+04 1.534e+04 1.618e+04 1.706e+04
 1.800e+04 1.898e+04 2.002e+04 2.111e+04 2.227e+04 2.349e+04 2.477e+04 2.612e+04
 2.755e+04 2.906e+04 3.065e+04 3.233e+04 3.409e+04 3.596e+04 3.793e+04 4.000e+04
<Z> for tau[ms]=    0.1
 3.920e-06 9.894e-06 2.379e-05 5.459e-05 1.198e-04 2.522e-04 5.099e-04 9.921e-04
 1.862e-03 3.376e-03 5.922e-03 1.006e-02 1.658e-02 2.650e-02 4.111e-02 6.188e-02
 9.026e-02 1.275e-01 1.742e-01 2.302e-01 2.942e-01 3.640e-01 4.368e-01 5.101e-01
 5.817e-01 6.506e-01 7.168e-01 7.813e-01 8.458e-01 9.119e-01 9.812e-01 1.054e+00
 1.132e+00 1.211e+00 1.292e+00 1.372e+00 1.449e+00 1.522e+00 1.589e+00 1.651e+00
 1.708e+00 1.762e+00 1.815e+00 1.868e+00 1.924e+00 1.984e+00 2.050e+00 2.122e+00
 2.199e+00 2.282e+00 2.369e+00 2.460e+00 2.553e+00 2.649e+00 2.747e+00 2.847e+00
 2.949e+00 3.053e+00 3.158e+00 3.263e+00 3.370e+00 3.477e+00 3.585e+00 3.693e+00
 3.800e+00 3.908e+00 4.014e+00 4.120e+00 4.224e+00 4.327e+00 4.428e+00 4.529e+00
 4.628e+00 4.727e+00 4.826e+00 4.924e+00 5.022e+00 5.120e+00 5.217e+00 5.313e+00
 5.409e+00 5.504e+00 5.597e+00 5.689e+00 5.779e+00 5.867e+00 5.953e+00 6.036e+00
 6.116e+00 6.193e+00 6.266e+00 6.336e+00 6.403e+00 6.467e+00 6.527e+00 6.583e+00
 6.636e+00 6.686e+00 6.733e+00 6.777e+00 6.819e+00 6.857e+00 6.894e+00 6.928e+00
 6.960e+00 6.990e+00 7.018e+00 7.045e+00 7.070e+00 7.094e+00 7.117e+00 7.139e+00
 7.160e+00 7.181e+00 7.200e+00 7.220e+00 7.238e+00 7.256e+00 7.274e+00 7.291e+00
 7.309e+00 7.325e+00 7.342e+00 7.359e+00 7.375e+00 7.391e+00 7.407e+00 7.423e+00
 7.438e+00 7.453e+00 7.468e+00 7.482e+00 7.497e+00 7.510e+00 7.524e+00 7.536e+00
 7.549e+00 7.561e+00 7.572e+00 7.583e+00 7.593e+00 7.603e+00 7.612e+00 7.620e+00
 7.628e+00 7.635e+00 7.641e+00 7.646e+00 7.651e+00 7.656e+00 7.660e+00 7.663e+00
 7.666e+00 7.668e+00 7.670e+00 7.671e+00 7.672e+00 7.673e+00 7.673e+00 7.673e+00
 7.672e+00 7.671e+00 7.670e+00 7.668e+00 7.666e+00 7.663e+00 7.660e+00 7.658e+00
 7.654e+00 7.651e+00 7.647e+00 7.644e+00 7.640e+00 7.635e+00 7.630e+00 7.625e+00
 7.620e+00 7.615e+00 7.609e+00 7.604e+00 7.598e+00 7.592e+00 7.586e+00 7.580e+00
 7.574e+00 7.568e+00 7.562e+00 7.557e+00 7.551e+00 7.545e+00 7.538e+00 7.532e+00
 7.526e+00 7.520e+00 7.514e+00 7.508e+00 7.502e+00 7.496e+00 7.489e+00 7.483e+00
<Z> for tau[ms]=    1.0
 3.622e-05 9.220e-05 2.233e-04 5.158e-04 1.138e-03 2.406e-03 4.875e-03 9.486e-03
 1.773e-02 3.184e-02 5.483e-02 9.028e-02 1.416e-01 2.107e-01 2.965e-01 3.940e-01
 4.953e-01 5.926e-01 6.803e-01 7.564e-01 8.224e-01 8.817e-01 9.395e-01 1.001e+00
 1.071e+00 1.152e+00 1.245e+00 1.345e+00 1.447e+00 1.544e+00 1.631e+00 1.706e+00
 1.768e+00 1.819e+00 1.862e+00 1.898e+00 1.933e+00 1.970e+00 2.013e+00 2.066e+00
 2.131e+00 2.211e+00 2.304e+00 2.406e+00 2.513e+00 2.621e+00 2.729e+00 2.837e+00
 2.946e+00 3.058e+00 3.174e+00 3.293e+00 3.412e+00 3.532e+00 3.651e+00 3.770e+00
 3.892e+00 4.015e+00 4.140e+00 4.265e+00 4.391e+00 4.515e+00 4.639e+00 4.763e+00
 4.888e+00 5.016e+00 5.148e+00 5.285e+00 5.427e+00 5.574e+00 5.724e+00 5.877e+00
 6.031e+00 6.184e+00 6.334e+00 6.480e+00 6.620e+00 6.752e+00 6.874e+00 6.988e+00
 7.091e+00 7.184e+00 7.267e+00 7.341e+00 7.407e+00 7.464e+00 7.515e+00 7.559e+00
 7.599e+00 7.633e+00 7.663e+00 7.690e+00 7.714e+00 7.735e+00 7.753e+00 7.770e+00
 7.786e+00 7.800e+00 7.814e+00 7.827e+00 7.839e+00 7.853e+00 7.866e+00 7.881e+00
 7.897e+00 7.915e+00 7.934e+00 7.957e+00 7.982e+00 8.010e+00 8.041e+00 8.076e+00
 8.114e+00 8.155e+00 8.200e+00 8.247e+00 8.298e+00 8.350e+00 8.404e+00 8.459e+00
 8.514e+00 8.569e+00 8.623e+00 8.677e+00 8.728e+00 8.778e+00 8.826e+00 8.872e+00
 8.915e+00 8.956e+00 8.995e+00 9.031e+00 9.064e+00 9.096e+00 9.125e+00 9.152e+00
 9.178e+00 9.201e+00 9.223e+00 9.243e+00 9.261e+00 9.278e+00 9.294e+00 9.308e+00
 9.322e+00 9.334e+00 9.345e+00 9.356e+00 9.365e+00 9.373e+00 9.381e+00 9.388e+00
 9.395e+00 9.401e+00 9.406e+00 9.411e+00 9.415e+00 9.419e+00 9.422e+00 9.425e+00
 9.428e+00 9.430e+00 9.432e+00 9.433e+00 9.435e+00 9.436e+00 9.437e+00 9.437e+00
 9.438e+00 9.438e+00 9.438e+00 9.438e+00 9.438e+00 9.437e+00 9.436e+00 9.435e+00
 9.434e+00 9.433e+00 9.431e+00 9.429e+00 9.428e+00 9.426e+00 9.424e+00 9.422e+00
 9.421e+00 9.419e+00 9.417e+00 9.415e+00 9.413e+00 9.412e+00 9.410e+00 9.408e+00
 9.406e+00 9.404e+00 9.402e+00 9.400e+00 9.398e+00 9.396e+00 9.394e+00 9.392e+00
<Z> for tau[ms]=   10.0
 2.058e-04 5.484e-04 1.386e-03 3.325e-03 7.587e-03 1.646e-02 3.389e-02 6.593e-02
 1.202e-01 2.032e-01 3.150e-01 4.454e-01 5.764e-01 6.918e-01 7.835e-01 8.522e-01
 9.034e-01 9.443e-01 9.828e-01 1.027e+00 1.086e+00 1.167e+00 1.270e+00 1.392e+00
 1.517e+00 1.633e+00 1.730e+00 1.804e+00 1.860e+00 1.900e+00 1.929e+00 1.951e+00
 1.970e+00 1.989e+00 2.013e+00 2.046e+00 2.096e+00 2.166e+00 2.258e+00 2.368e+00
 2.488e+00 2.606e+00 2.716e+00 2.817e+00 2.911e+00 3.005e+00 3.104e+00 3.210e+00
 3.324e+00 3.441e+00 3.559e+00 3.674e+00 3.787e+00 3.899e+00 4.015e+00 4.135e+00
 4.260e+00 4.388e+00 4.518e+00 4.648e+00 4.779e+00 4.914e+00 5.054e+00 5.205e+00
 5.370e+00 5.551e+00 5.748e+00 5.962e+00 6.186e+00 6.416e+00 6.641e+00 6.854e+00
 7.047e+00 7.215e+00 7.358e+00 7.477e+00 7.573e+00 7.651e+00 7.713e+00 7.762e+00
 7.802e+00 7.834e+00 7.859e+00 7.880e+00 7.897e+00 7.910e+00 7.922e+00 7.931e+00
 7.939e+00 7.946e+00 7.951e+00 7.957e+00 7.962e+00 7.966e+00 7.972e+00 7.978e+00
 7.985e+00 7.994e+00 8.005e+00 8.020e+00 8.038e+00 8.062e+00 8.091e+00 8.126e+00
 8.170e+00 8.221e+00 8.282e+00 8.352e+00 8.432e+00 8.521e+00 8.618e+00 8.720e+00
 8.825e+00 8.931e+00 9.034e+00 9.131e+00 9.222e+00 9.305e+00 9.380e+00 9.446e+00
 9.504e+00 9.556e+00 9.600e+00 9.639e+00 9.673e+00 9.703e+00 9.729e+00 9.751e+00
 9.771e+00 9.788e+00 9.803e+00 9.817e+00 9.829e+00 9.839e+00 9.849e+00 9.857e+00
 9.864e+00 9.871e+00 9.877e+00 9.882e+00 9.887e+00 9.892e+00 9.896e+00 9.899e+00
 9.902e+00 9.905e+00 9.908e+00 9.910e+00 9.913e+00 9.914e+00 9.916e+00 9.918e+00
 9.919e+00 9.921e+00 9.922e+00 9.923e+00 9.924e+00 9.925e+00 9.926e+00 9.926e+00
 9.927e+00 9.928e+00 9.928e+00 9.929e+00 9.929e+00 9.929e+00 9.930e+00 9.930e+00
 9.930e+00 9.930e+00 9.931e+00 9.931e+00 9.931e+00 9.931e+00 9.931e+00 9.931e+00
 9.931e+00 9.930e+00 9.930e+00 9.930e+00 9.930e+00 9.930e+00 9.930e+00 9.930e+00
 9.929e+00 9.929e+00 9.929e+00 9.929e+00 9.929e+00 9.929e+00 9.928e+00 9.928e+00
 9.928e+00 9.928e+00 9.927e+00 9.927e+00 9.927e+00 9.927e+00 9.927e+00 9.926e+00
<Z> for tau[ms]=  100.0
 3.870e-04 1.086e-03 2.890e-03 7.302e-03 1.750e-02 3.959e-02 8.373e-02 1.628e-01
 2.847e-01 4.399e-01 5.995e-01 7.341e-01 8.318e-01 8.965e-01 9.381e-01 9.661e-01
 9.889e-01 1.014e+00 1.050e+00 1.106e+00 1.192e+00 1.308e+00 1.445e+00 1.583e+00
 1.702e+00 1.795e+00 1.861e+00 1.906e+00 1.937e+00 1.958e+00 1.973e+00 1.985e+00
 1.998e+00 2.016e+00 2.043e+00 2.086e+00 2.151e+00 2.241e+00 2.353e+00 2.478e+00
 2.601e+00 2.714e+00 2.813e+00 2.901e+00 2.986e+00 3.074e+00 3.171e+00 3.277e+00
 3.390e+00 3.507e+00 3.622e+00 3.734e+00 3.844e+00 3.955e+00 4.070e+00 4.190e+00
 4.315e+00 4.445e+00 4.575e+00 4.707e+00 4.840e+00 4.979e+00 5.127e+00 5.289e+00
 5.470e+00 5.674e+00 5.902e+00 6.150e+00 6.412e+00 6.675e+00 6.923e+00 7.145e+00
 7.332e+00 7.483e+00 7.602e+00 7.693e+00 7.763e+00 7.815e+00 7.855e+00 7.885e+00
 7.908e+00 7.926e+00 7.940e+00 7.950e+00 7.959e+00 7.965e+00 7.970e+00 7.975e+00
 7.978e+00 7.981e+00 7.984e+00 7.987e+00 7.990e+00 7.994e+00 7.998e+00 8.004e+00
 8.013e+00 8.025e+00 8.040e+00 8.061e+00 8.088e+00 8.122e+00 8.165e+00 8.217e+00
 8.280e+00 8.356e+00 8.444e+00 8.545e+00 8.658e+00 8.780e+00 8.909e+00 9.038e+00
 9.164e+00 9.281e+00 9.387e+00 9.480e+00 9.560e+00 9.628e+00 9.686e+00 9.733e+00
 9.773e+00 9.805e+00 9.833e+00 9.855e+00 9.874e+00 9.890e+00 9.903e+00 9.914e+00
 9.924e+00 9.932e+00 9.939e+00 9.945e+00 9.950e+00 9.954e+00 9.958e+00 9.962e+00
 9.965e+00 9.967e+00 9.970e+00 9.972e+00 9.974e+00 9.975e+00 9.977e+00 9.978e+00
 9.979e+00 9.981e+00 9.982e+00 9.982e+00 9.983e+00 9.984e+00 9.985e+00 9.985e+00
 9.986e+00 9.986e+00 9.987e+00 9.987e+00 9.988e+00 9.988e+00 9.988e+00 9.989e+00
 9.989e+00 9.989e+00 9.990e+00 9.990e+00 9.990e+00 9.990e+00 9.990e+00 9.991e+00
 9.991e+00 9.991e+00 9.991e+00 9.991e+00 9.991e+00 9.991e+00 9.991e+00 9.991e+00
 9.991e+00 9.991e+00 9.992e+00 9.992e+00 9.992e+00 9.992e+00 9.992e+00 9.992e+00
 9.992e+00 9.992e+00 9.992e+00 9.992e+00 9.992e+00 9.992e+00 9.992e+00 9.992e+00
 9.992e+00 9.992e+00 9.992e+00 9.992e+00 9.992e+00 9.992e+00 9.992e+00 9.992e+00
<Z> for tau[ms]= 1000.0
 4.244e-04 1.204e-03 3.241e-03 8.294e-03 2.013e-02 4.606e-02 9.817e-02 1.909e-01
 3.299e-01 4.979e-01 6.590e-01 7.850e-01 8.704e-01 9.239e-01 9.570e-01 9.794e-01
 9.987e-01 1.023e+00 1.059e+00 1.119e+00 1.210e+00 1.332e+00 1.473e+00 1.611e+00
 1.727e+00 1.815e+00 1.877e+00 1.918e+00 1.945e+00 1.964e+00 1.977e+00 1.989e+00
 2.001e+00 2.019e+00 2.047e+00 2.091e+00 2.158e+00 2.251e+00 2.366e+00 2.492e+00
 2.615e+00 2.726e+00 2.824e+00 2.911e+00 2.994e+00 3.082e+00 3.178e+00 3.284e+00
 3.398e+00 3.514e+00 3.629e+00 3.741e+00 3.851e+00 3.961e+00 4.075e+00 4.196e+00
 4.321e+00 4.451e+00 4.581e+00 4.713e+00 4.847e+00 4.986e+00 5.135e+00 5.299e+00
 5.482e+00 5.689e+00 5.921e+00 6.174e+00 6.442e+00 6.709e+00 6.960e+00 7.182e+00
 7.367e+00 7.515e+00 7.630e+00 7.718e+00 7.784e+00 7.833e+00 7.870e+00 7.898e+00
 7.919e+00 7.935e+00 7.948e+00 7.957e+00 7.965e+00 7.971e+00 7.975e+00 7.979e+00
 7.982e+00 7.985e+00 7.987e+00 7.990e+00 7.993e+00 7.996e+00 8.001e+00 8.007e+00
 8.016e+00 8.028e+00 8.045e+00 8.067e+00 8.095e+00 8.131e+00 8.176e+00 8.231e+00
 8.297e+00 8.376e+00 8.469e+00 8.575e+00 8.693e+00 8.820e+00 8.953e+00 9.086e+00
 9.213e+00 9.330e+00 9.435e+00 9.527e+00 9.604e+00 9.670e+00 9.724e+00 9.768e+00
 9.805e+00 9.835e+00 9.859e+00 9.880e+00 9.896e+00 9.910e+00 9.922e+00 9.932e+00
 9.940e+00 9.947e+00 9.953e+00 9.958e+00 9.963e+00 9.966e+00 9.970e+00 9.973e+00
 9.975e+00 9.977e+00 9.979e+00 9.981e+00 9.983e+00 9.984e+00 9.985e+00 9.986e+00
 9.987e+00 9.988e+00 9.989e+00 9.990e+00 9.991e+00 9.991e+00 9.992e+00 9.992e+00
 9.993e+00 9.993e+00 9.994e+00 9.994e+00 9.994e+00 9.995e+00 9.995e+00 9.995e+00
 9.995e+00 9.996e+00 9.996e+00 9.996e+00 9.996e+00 9.996e+00 9.997e+00 9.997e+00
 9.997e+00 9.997e+00 9.997e+00 9.997e+00 9.997e+00 9.997e+00 9.998e+00 9.998e+00
 9.998e+00 9.998e+00 9.998e+00 9.998e+00 9.998e+00 9.998e+00 9.998e+00 9.998e+00
 9.998e+00 9.998e+00 9.998e+00 9.999e+00 9.999e+00 9.999e+00 9.999e+00 9.999e+00
 9.999e+00 9.999e+00 9.999e+00 9.999e+00 9.999e+00 9.999e+00 9.999e+00 9.999e+00
<Z> in equilibrium - infinite confinement
 4.290e-04 1.218e-03 3.286e-03 8.422e-03 2.047e-02 4.692e-02 1.001e-01 1.946e-01
 3.358e-01 5.053e-01 6.663e-01 7.911e-01 8.749e-01 9.270e-01 9.592e-01 9.809e-01
 9.998e-01 1.024e+00 1.060e+00 1.120e+00 1.212e+00 1.335e+00 1.476e+00 1.614e+00
 1.730e+00 1.818e+00 1.878e+00 1.919e+00 1.946e+00 1.964e+00 1.978e+00 1.989e+00
 2.002e+00 2.019e+00 2.047e+00 2.092e+00 2.159e+00 2.252e+00 2.367e+00 2.493e+00
 2.617e+00 2.728e+00 2.825e+00 2.912e+00 2.995e+00 3.083e+00 3.179e+00 3.285e+00
 3.398e+00 3.515e+00 3.630e+00 3.742e+00 3.851e+00 3.962e+00 4.076e+00 4.196e+00
 4.322e+00 4.451e+00 4.582e+00 4.714e+00 4.847e+00 4.986e+00 5.136e+00 5.300e+00
 5.483e+00 5.691e+00 5.923e+00 6.177e+00 6.445e+00 6.713e+00 6.964e+00 7.186e+00
 7.371e+00 7.519e+00 7.634e+00 7.721e+00 7.786e+00 7.835e+00 7.872e+00 7.900e+00
 7.921e+00 7.937e+00 7.949e+00 7.958e+00 7.966e+00 7.971e+00 7.976e+00 7.980e+00
 7.983e+00 7.985e+00 7.988e+00 7.990e+00 7.993e+00 7.997e+00 8.001e+00 8.008e+00
 8.017e+00 8.029e+00 8.045e+00 8.067e+00 8.096e+00 8.132e+00 8.177e+00 8.232e+00
 8.299e+00 8.379e+00 8.472e+00 8.578e+00 8.697e+00 8.825e+00 8.958e+00 9.091e+00
 9.219e+00 9.336e+00 9.441e+00 9.532e+00 9.609e+00 9.674e+00 9.728e+00 9.772e+00
 9.808e+00 9.838e+00 9.862e+00 9.882e+00 9.899e+00 9.913e+00 9.924e+00 9.934e+00
 9.942e+00 9.949e+00 9.955e+00 9.960e+00 9.964e+00 9.968e+00 9.971e+00 9.974e+00
 9.976e+00 9.979e+00 9.980e+00 9.982e+00 9.984e+00 9.985e+00 9.986e+00 9.987e+00
 9.988e+00 9.989e+00 9.990e+00 9.991e+00 9.991e+00 9.992e+00 9.993e+00 9.993e+00
 9.994e+00 9.994e+00 9.994e+00 9.995e+00 9.995e+00 9.995e+00 9.996e+00 9.996e+00
 9.996e+00 9.996e+00 9.997e+00 9.997e+00 9.997e+00 9.997e+00 9.997e+00 9.997e+00
 9.998e+00 9.998e+00 9.998e+00 9.998e+00 9.998e+00 9.998e+00 9.998e+00 9.998e+00
 9.998e+00 9.998e+00 9.999e+00 9.999e+00 9.999e+00 9.999e+00 9.999e+00 9.999e+00
 9.999e+00 9.999e+00 9.999e+00 9.999e+00 9.999e+00 9.999e+00 9.999e+00 9.999e+00
 9.999e+00 9.999e+00 9.999e+00 9.999e+00 9.999e+00 9.999e+00 9.999e+00 1.000e+01
C-------------------------------------------------------------------------------
C
C  The fractional abundance and radiated power were generated from the
C  ADAS installation at UKAEA with the named adf11 files. The adf11 data
C  files may be updated in a later release of ADAS and publicly
C  available versions may be found at https://open.adas.ac.uk/.
C
C  The equilibrium balance data was produced with run_adas405.py and
C  the balance with a confinement time with adas4xx_ionbal_tau.py
C  which are functions from the ADAS library. Details on these codes
C  may be found at: https://www.adas.ac.uk/python_lib/index.html
C
C  Copyright (C) 2023 UK Atomic Energy Authority
C
C  This file was generated for use in the UKAEA systems code PROCESS
C  using a script written by Martin O'Mullane.
C  If acquired without provenance a user is strongly advised
C  to check its validity by re-generating using the adf11 files from
C  the OPEN-ADAS site.
C
C  Produced by : Timothy Nunn
C  Date        : 24-05-23
C
C-------------------------------------------------------------------------------
