Mean quadratic charge as a function dwell time.
Temperature :      1.0 -  40000.0 eV
Density     : 1.00e+20 m-3
   200     5  # Te values, dwell time

Source data:
acd : /home/adas/adas/adf11/acd85/acd85_ni.dat
scd : /home/adas/adas/adf11/scd85/scd85_ni.dat
plt : /home/adas/adas/adf11/plt89/plt89_ni.dat
prb : /home/adas/adas/adf11/prb89/prb89_ni.dat

Te[eV]
 1.000e+00 1.055e+00 1.112e+00 1.173e+00 1.237e+00 1.305e+00 1.376e+00 1.452e+00
 1.531e+00 1.615e+00 1.703e+00 1.796e+00 1.895e+00 1.998e+00 2.107e+00 2.223e+00
 2.344e+00 2.473e+00 2.608e+00 2.750e+00 2.901e+00 3.059e+00 3.227e+00 3.403e+00
 3.589e+00 3.786e+00 3.993e+00 4.211e+00 4.441e+00 4.684e+00 4.941e+00 5.211e+00
 5.496e+00 5.796e+00 6.113e+00 6.448e+00 6.800e+00 7.172e+00 7.565e+00 7.978e+00
 8.415e+00 8.875e+00 9.360e+00 9.872e+00 1.041e+01 1.098e+01 1.158e+01 1.222e+01
 1.288e+01 1.359e+01 1.433e+01 1.512e+01 1.594e+01 1.681e+01 1.773e+01 1.870e+01
 1.973e+01 2.081e+01 2.194e+01 2.314e+01 2.441e+01 2.574e+01 2.715e+01 2.864e+01
 3.020e+01 3.186e+01 3.360e+01 3.544e+01 3.737e+01 3.942e+01 4.157e+01 4.385e+01
 4.625e+01 4.877e+01 5.144e+01 5.426e+01 5.722e+01 6.035e+01 6.365e+01 6.713e+01
 7.081e+01 7.468e+01 7.876e+01 8.307e+01 8.761e+01 9.241e+01 9.746e+01 1.028e+02
 1.084e+02 1.143e+02 1.206e+02 1.272e+02 1.341e+02 1.415e+02 1.492e+02 1.574e+02
 1.660e+02 1.751e+02 1.846e+02 1.947e+02 2.054e+02 2.166e+02 2.285e+02 2.410e+02
 2.542e+02 2.681e+02 2.827e+02 2.982e+02 3.145e+02 3.317e+02 3.498e+02 3.690e+02
 3.891e+02 4.104e+02 4.329e+02 4.565e+02 4.815e+02 5.078e+02 5.356e+02 5.649e+02
 5.958e+02 6.284e+02 6.628e+02 6.990e+02 7.373e+02 7.776e+02 8.201e+02 8.650e+02
 9.123e+02 9.622e+02 1.015e+03 1.070e+03 1.129e+03 1.191e+03 1.256e+03 1.324e+03
 1.397e+03 1.473e+03 1.554e+03 1.639e+03 1.728e+03 1.823e+03 1.923e+03 2.028e+03
 2.139e+03 2.256e+03 2.379e+03 2.509e+03 2.646e+03 2.791e+03 2.944e+03 3.105e+03
 3.274e+03 3.454e+03 3.642e+03 3.842e+03 4.052e+03 4.273e+03 4.507e+03 4.754e+03
 5.014e+03 5.288e+03 5.577e+03 5.882e+03 6.204e+03 6.543e+03 6.901e+03 7.278e+03
 7.676e+03 8.096e+03 8.539e+03 9.006e+03 9.499e+03 1.002e+04 1.057e+04 1.114e+04
 1.175e+04 1.240e+04 1.307e+04 1.379e+04 1.454e+04 1.534e+04 1.618e+04 1.706e+04
 1.800e+04 1.898e+04 2.002e+04 2.111e+04 2.227e+04 2.349e+04 2.477e+04 2.612e+04
 2.755e+04 2.906e+04 3.065e+04 3.233e+04 3.409e+04 3.596e+04 3.793e+04 4.000e+04
sqrt(<Z^2>) for tau[ms]=    0.1
 1.822e-01 2.329e-01 2.919e-01 3.579e-01 4.288e-01 5.021e-01 5.747e-01 6.440e-01
 7.079e-01 7.656e-01 8.176e-01 8.655e-01 9.118e-01 9.593e-01 1.011e+00 1.068e+00
 1.130e+00 1.199e+00 1.274e+00 1.357e+00 1.444e+00 1.532e+00 1.615e+00 1.689e+00
 1.753e+00 1.808e+00 1.857e+00 1.905e+00 1.954e+00 2.008e+00 2.069e+00 2.139e+00
 2.216e+00 2.298e+00 2.385e+00 2.472e+00 2.558e+00 2.642e+00 2.725e+00 2.809e+00
 2.894e+00 2.983e+00 3.075e+00 3.171e+00 3.270e+00 3.372e+00 3.476e+00 3.581e+00
 3.688e+00 3.797e+00 3.906e+00 4.016e+00 4.126e+00 4.235e+00 4.344e+00 4.451e+00
 4.559e+00 4.666e+00 4.775e+00 4.885e+00 4.997e+00 5.112e+00 5.229e+00 5.348e+00
 5.468e+00 5.591e+00 5.714e+00 5.839e+00 5.965e+00 6.091e+00 6.218e+00 6.346e+00
 6.476e+00 6.606e+00 6.737e+00 6.870e+00 7.003e+00 7.136e+00 7.270e+00 7.404e+00
 7.538e+00 7.671e+00 7.804e+00 7.937e+00 8.070e+00 8.204e+00 8.340e+00 8.480e+00
 8.624e+00 8.774e+00 8.930e+00 9.093e+00 9.264e+00 9.441e+00 9.625e+00 9.814e+00
 1.001e+01 1.020e+01 1.040e+01 1.060e+01 1.081e+01 1.101e+01 1.122e+01 1.142e+01
 1.163e+01 1.183e+01 1.203e+01 1.223e+01 1.242e+01 1.261e+01 1.279e+01 1.296e+01
 1.313e+01 1.329e+01 1.344e+01 1.359e+01 1.373e+01 1.386e+01 1.398e+01 1.410e+01
 1.421e+01 1.431e+01 1.441e+01 1.450e+01 1.459e+01 1.467e+01 1.475e+01 1.483e+01
 1.490e+01 1.497e+01 1.503e+01 1.509e+01 1.515e+01 1.521e+01 1.526e+01 1.531e+01
 1.535e+01 1.540e+01 1.544e+01 1.547e+01 1.551e+01 1.554e+01 1.558e+01 1.560e+01
 1.563e+01 1.565e+01 1.568e+01 1.569e+01 1.571e+01 1.572e+01 1.573e+01 1.574e+01
 1.574e+01 1.575e+01 1.575e+01 1.575e+01 1.575e+01 1.574e+01 1.573e+01 1.572e+01
 1.571e+01 1.569e+01 1.568e+01 1.566e+01 1.564e+01 1.561e+01 1.559e+01 1.556e+01
 1.554e+01 1.550e+01 1.547e+01 1.544e+01 1.540e+01 1.537e+01 1.533e+01 1.529e+01
 1.524e+01 1.520e+01 1.515e+01 1.510e+01 1.506e+01 1.501e+01 1.496e+01 1.490e+01
 1.485e+01 1.479e+01 1.474e+01 1.468e+01 1.462e+01 1.456e+01 1.449e+01 1.443e+01
 1.437e+01 1.430e+01 1.424e+01 1.417e+01 1.410e+01 1.403e+01 1.396e+01 1.389e+01
sqrt(<Z^2>) for tau[ms]=    1.0
 4.760e-01 5.699e-01 6.580e-01 7.340e-01 7.961e-01 8.455e-01 8.854e-01 9.203e-01
 9.552e-01 9.960e-01 1.050e+00 1.122e+00 1.215e+00 1.324e+00 1.437e+00 1.542e+00
 1.631e+00 1.705e+00 1.766e+00 1.818e+00 1.863e+00 1.904e+00 1.943e+00 1.984e+00
 2.033e+00 2.092e+00 2.165e+00 2.251e+00 2.346e+00 2.445e+00 2.543e+00 2.637e+00
 2.724e+00 2.808e+00 2.892e+00 2.979e+00 3.071e+00 3.170e+00 3.274e+00 3.381e+00
 3.490e+00 3.599e+00 3.710e+00 3.823e+00 3.937e+00 4.052e+00 4.168e+00 4.282e+00
 4.395e+00 4.505e+00 4.613e+00 4.720e+00 4.826e+00 4.935e+00 5.046e+00 5.161e+00
 5.279e+00 5.402e+00 5.529e+00 5.658e+00 5.789e+00 5.921e+00 6.054e+00 6.186e+00
 6.317e+00 6.448e+00 6.578e+00 6.708e+00 6.840e+00 6.974e+00 7.111e+00 7.252e+00
 7.396e+00 7.541e+00 7.687e+00 7.831e+00 7.974e+00 8.113e+00 8.248e+00 8.380e+00
 8.510e+00 8.639e+00 8.768e+00 8.901e+00 9.040e+00 9.189e+00 9.351e+00 9.532e+00
 9.735e+00 9.964e+00 1.022e+01 1.051e+01 1.082e+01 1.115e+01 1.149e+01 1.185e+01
 1.223e+01 1.263e+01 1.307e+01 1.355e+01 1.405e+01 1.454e+01 1.500e+01 1.539e+01
 1.573e+01 1.602e+01 1.625e+01 1.645e+01 1.662e+01 1.677e+01 1.691e+01 1.703e+01
 1.714e+01 1.725e+01 1.736e+01 1.746e+01 1.757e+01 1.768e+01 1.779e+01 1.791e+01
 1.803e+01 1.816e+01 1.829e+01 1.842e+01 1.857e+01 1.871e+01 1.886e+01 1.901e+01
 1.916e+01 1.931e+01 1.947e+01 1.962e+01 1.977e+01 1.992e+01 2.007e+01 2.022e+01
 2.036e+01 2.050e+01 2.063e+01 2.076e+01 2.089e+01 2.100e+01 2.112e+01 2.122e+01
 2.132e+01 2.142e+01 2.151e+01 2.159e+01 2.167e+01 2.175e+01 2.182e+01 2.188e+01
 2.194e+01 2.200e+01 2.205e+01 2.210e+01 2.215e+01 2.219e+01 2.223e+01 2.226e+01
 2.229e+01 2.232e+01 2.235e+01 2.237e+01 2.239e+01 2.241e+01 2.243e+01 2.244e+01
 2.246e+01 2.246e+01 2.247e+01 2.248e+01 2.248e+01 2.248e+01 2.248e+01 2.248e+01
 2.248e+01 2.247e+01 2.246e+01 2.246e+01 2.244e+01 2.243e+01 2.242e+01 2.240e+01
 2.239e+01 2.237e+01 2.235e+01 2.233e+01 2.231e+01 2.228e+01 2.226e+01 2.223e+01
 2.220e+01 2.217e+01 2.214e+01 2.211e+01 2.208e+01 2.205e+01 2.202e+01 2.198e+01
sqrt(<Z^2>) for tau[ms]=   10.0
 7.370e-01 8.052e-01 8.556e-01 8.919e-01 9.197e-01 9.445e-01 9.726e-01 1.012e+00
 1.071e+00 1.157e+00 1.272e+00 1.405e+00 1.538e+00 1.652e+00 1.740e+00 1.804e+00
 1.849e+00 1.882e+00 1.911e+00 1.939e+00 1.971e+00 2.013e+00 2.069e+00 2.140e+00
 2.227e+00 2.323e+00 2.423e+00 2.521e+00 2.614e+00 2.703e+00 2.789e+00 2.874e+00
 2.961e+00 3.052e+00 3.148e+00 3.247e+00 3.348e+00 3.451e+00 3.555e+00 3.660e+00
 3.765e+00 3.871e+00 3.978e+00 4.086e+00 4.193e+00 4.299e+00 4.404e+00 4.506e+00
 4.607e+00 4.706e+00 4.806e+00 4.906e+00 5.009e+00 5.116e+00 5.227e+00 5.344e+00
 5.464e+00 5.589e+00 5.716e+00 5.846e+00 5.976e+00 6.107e+00 6.236e+00 6.365e+00
 6.492e+00 6.619e+00 6.745e+00 6.873e+00 7.003e+00 7.137e+00 7.275e+00 7.417e+00
 7.562e+00 7.709e+00 7.855e+00 7.999e+00 8.140e+00 8.275e+00 8.407e+00 8.534e+00
 8.660e+00 8.784e+00 8.911e+00 9.042e+00 9.181e+00 9.333e+00 9.502e+00 9.693e+00
 9.913e+00 1.016e+01 1.045e+01 1.078e+01 1.113e+01 1.151e+01 1.191e+01 1.234e+01
 1.283e+01 1.343e+01 1.417e+01 1.502e+01 1.582e+01 1.645e+01 1.689e+01 1.718e+01
 1.738e+01 1.752e+01 1.762e+01 1.771e+01 1.779e+01 1.786e+01 1.794e+01 1.801e+01
 1.810e+01 1.820e+01 1.830e+01 1.843e+01 1.856e+01 1.872e+01 1.889e+01 1.907e+01
 1.927e+01 1.949e+01 1.971e+01 1.994e+01 2.018e+01 2.043e+01 2.069e+01 2.097e+01
 2.126e+01 2.157e+01 2.189e+01 2.221e+01 2.253e+01 2.283e+01 2.312e+01 2.338e+01
 2.361e+01 2.381e+01 2.399e+01 2.414e+01 2.428e+01 2.440e+01 2.451e+01 2.461e+01
 2.469e+01 2.477e+01 2.483e+01 2.489e+01 2.495e+01 2.500e+01 2.505e+01 2.509e+01
 2.513e+01 2.517e+01 2.520e+01 2.524e+01 2.527e+01 2.530e+01 2.534e+01 2.537e+01
 2.540e+01 2.543e+01 2.546e+01 2.549e+01 2.552e+01 2.555e+01 2.558e+01 2.561e+01
 2.564e+01 2.567e+01 2.571e+01 2.574e+01 2.577e+01 2.580e+01 2.583e+01 2.586e+01
 2.589e+01 2.592e+01 2.595e+01 2.598e+01 2.601e+01 2.603e+01 2.606e+01 2.608e+01
 2.610e+01 2.612e+01 2.614e+01 2.616e+01 2.618e+01 2.619e+01 2.621e+01 2.622e+01
 2.623e+01 2.624e+01 2.625e+01 2.626e+01 2.627e+01 2.628e+01 2.628e+01 2.628e+01
sqrt(<Z^2>) for tau[ms]=  100.0
 7.946e-01 8.486e-01 8.870e-01 9.146e-01 9.370e-01 9.601e-01 9.910e-01 1.039e+00
 1.113e+00 1.220e+00 1.353e+00 1.494e+00 1.621e+00 1.722e+00 1.795e+00 1.845e+00
 1.880e+00 1.907e+00 1.932e+00 1.960e+00 1.997e+00 2.047e+00 2.113e+00 2.197e+00
 2.291e+00 2.390e+00 2.487e+00 2.581e+00 2.671e+00 2.758e+00 2.845e+00 2.933e+00
 3.023e+00 3.115e+00 3.211e+00 3.309e+00 3.408e+00 3.509e+00 3.611e+00 3.713e+00
 3.816e+00 3.920e+00 4.024e+00 4.128e+00 4.232e+00 4.335e+00 4.437e+00 4.537e+00
 4.635e+00 4.733e+00 4.831e+00 4.930e+00 5.033e+00 5.139e+00 5.250e+00 5.366e+00
 5.487e+00 5.612e+00 5.739e+00 5.868e+00 5.998e+00 6.128e+00 6.258e+00 6.386e+00
 6.512e+00 6.638e+00 6.764e+00 6.891e+00 7.021e+00 7.155e+00 7.293e+00 7.436e+00
 7.581e+00 7.728e+00 7.874e+00 8.018e+00 8.158e+00 8.293e+00 8.424e+00 8.551e+00
 8.675e+00 8.800e+00 8.926e+00 9.057e+00 9.196e+00 9.348e+00 9.517e+00 9.710e+00
 9.932e+00 1.019e+01 1.048e+01 1.080e+01 1.116e+01 1.155e+01 1.196e+01 1.240e+01
 1.291e+01 1.357e+01 1.441e+01 1.536e+01 1.621e+01 1.683e+01 1.722e+01 1.746e+01
 1.762e+01 1.772e+01 1.780e+01 1.787e+01 1.793e+01 1.800e+01 1.806e+01 1.814e+01
 1.822e+01 1.832e+01 1.844e+01 1.857e+01 1.871e+01 1.888e+01 1.907e+01 1.927e+01
 1.949e+01 1.973e+01 1.997e+01 2.022e+01 2.049e+01 2.077e+01 2.107e+01 2.139e+01
 2.175e+01 2.213e+01 2.253e+01 2.294e+01 2.334e+01 2.371e+01 2.403e+01 2.431e+01
 2.454e+01 2.473e+01 2.489e+01 2.502e+01 2.513e+01 2.522e+01 2.530e+01 2.537e+01
 2.543e+01 2.548e+01 2.552e+01 2.556e+01 2.560e+01 2.563e+01 2.566e+01 2.569e+01
 2.572e+01 2.575e+01 2.578e+01 2.580e+01 2.583e+01 2.586e+01 2.589e+01 2.592e+01
 2.595e+01 2.599e+01 2.602e+01 2.606e+01 2.610e+01 2.614e+01 2.619e+01 2.624e+01
 2.628e+01 2.634e+01 2.639e+01 2.644e+01 2.650e+01 2.655e+01 2.661e+01 2.666e+01
 2.672e+01 2.677e+01 2.683e+01 2.688e+01 2.693e+01 2.698e+01 2.703e+01 2.707e+01
 2.712e+01 2.716e+01 2.720e+01 2.723e+01 2.727e+01 2.730e+01 2.733e+01 2.736e+01
 2.739e+01 2.741e+01 2.743e+01 2.746e+01 2.748e+01 2.749e+01 2.751e+01 2.753e+01
sqrt(<Z^2>) for tau[ms]= 1000.0
 8.011e-01 8.534e-01 8.904e-01 9.170e-01 9.389e-01 9.619e-01 9.933e-01 1.042e+00
 1.119e+00 1.229e+00 1.364e+00 1.505e+00 1.631e+00 1.730e+00 1.800e+00 1.849e+00
 1.883e+00 1.909e+00 1.934e+00 1.963e+00 2.000e+00 2.051e+00 2.119e+00 2.204e+00
 2.299e+00 2.398e+00 2.495e+00 2.588e+00 2.678e+00 2.765e+00 2.852e+00 2.940e+00
 3.030e+00 3.123e+00 3.219e+00 3.316e+00 3.415e+00 3.516e+00 3.617e+00 3.719e+00
 3.822e+00 3.925e+00 4.029e+00 4.133e+00 4.237e+00 4.339e+00 4.440e+00 4.540e+00
 4.638e+00 4.735e+00 4.833e+00 4.933e+00 5.035e+00 5.141e+00 5.253e+00 5.369e+00
 5.489e+00 5.614e+00 5.741e+00 5.870e+00 6.000e+00 6.130e+00 6.260e+00 6.388e+00
 6.514e+00 6.640e+00 6.766e+00 6.893e+00 7.023e+00 7.157e+00 7.295e+00 7.437e+00
 7.583e+00 7.729e+00 7.876e+00 8.020e+00 8.159e+00 8.295e+00 8.425e+00 8.552e+00
 8.677e+00 8.801e+00 8.928e+00 9.058e+00 9.198e+00 9.350e+00 9.519e+00 9.712e+00
 9.934e+00 1.019e+01 1.048e+01 1.081e+01 1.117e+01 1.155e+01 1.196e+01 1.240e+01
 1.292e+01 1.358e+01 1.443e+01 1.539e+01 1.625e+01 1.687e+01 1.726e+01 1.749e+01
 1.764e+01 1.775e+01 1.782e+01 1.789e+01 1.795e+01 1.801e+01 1.808e+01 1.815e+01
 1.824e+01 1.834e+01 1.845e+01 1.858e+01 1.873e+01 1.890e+01 1.909e+01 1.929e+01
 1.952e+01 1.975e+01 2.000e+01 2.025e+01 2.052e+01 2.081e+01 2.111e+01 2.144e+01
 2.180e+01 2.220e+01 2.261e+01 2.304e+01 2.345e+01 2.382e+01 2.415e+01 2.443e+01
 2.466e+01 2.485e+01 2.500e+01 2.513e+01 2.523e+01 2.532e+01 2.539e+01 2.546e+01
 2.551e+01 2.556e+01 2.560e+01 2.564e+01 2.567e+01 2.570e+01 2.573e+01 2.576e+01
 2.579e+01 2.581e+01 2.584e+01 2.587e+01 2.589e+01 2.592e+01 2.595e+01 2.598e+01
 2.602e+01 2.605e+01 2.609e+01 2.613e+01 2.617e+01 2.621e+01 2.626e+01 2.631e+01
 2.636e+01 2.642e+01 2.648e+01 2.653e+01 2.659e+01 2.665e+01 2.671e+01 2.677e+01
 2.683e+01 2.689e+01 2.695e+01 2.701e+01 2.706e+01 2.711e+01 2.717e+01 2.722e+01
 2.726e+01 2.731e+01 2.735e+01 2.739e+01 2.742e+01 2.746e+01 2.749e+01 2.752e+01
 2.755e+01 2.758e+01 2.760e+01 2.763e+01 2.765e+01 2.767e+01 2.769e+01 2.771e+01
sqrt(<Z^2>) in equilibrium - infinite confinement
 8.018e-01 8.539e-01 8.908e-01 9.172e-01 9.391e-01 9.621e-01 9.935e-01 1.043e+00
 1.120e+00 1.230e+00 1.365e+00 1.506e+00 1.632e+00 1.730e+00 1.801e+00 1.850e+00
 1.883e+00 1.910e+00 1.935e+00 1.963e+00 2.001e+00 2.052e+00 2.120e+00 2.205e+00
 2.300e+00 2.399e+00 2.496e+00 2.589e+00 2.679e+00 2.766e+00 2.853e+00 2.941e+00
 3.031e+00 3.124e+00 3.220e+00 3.317e+00 3.416e+00 3.517e+00 3.618e+00 3.720e+00
 3.822e+00 3.926e+00 4.030e+00 4.134e+00 4.237e+00 4.340e+00 4.441e+00 4.540e+00
 4.638e+00 4.736e+00 4.833e+00 4.933e+00 5.035e+00 5.142e+00 5.253e+00 5.369e+00
 5.490e+00 5.614e+00 5.741e+00 5.871e+00 6.001e+00 6.131e+00 6.260e+00 6.388e+00
 6.515e+00 6.640e+00 6.766e+00 6.893e+00 7.023e+00 7.157e+00 7.295e+00 7.438e+00
 7.583e+00 7.730e+00 7.876e+00 8.020e+00 8.160e+00 8.295e+00 8.426e+00 8.553e+00
 8.677e+00 8.802e+00 8.928e+00 9.059e+00 9.198e+00 9.350e+00 9.519e+00 9.712e+00
 9.934e+00 1.019e+01 1.048e+01 1.081e+01 1.117e+01 1.155e+01 1.196e+01 1.241e+01
 1.292e+01 1.359e+01 1.444e+01 1.540e+01 1.626e+01 1.688e+01 1.726e+01 1.750e+01
 1.765e+01 1.775e+01 1.782e+01 1.789e+01 1.795e+01 1.801e+01 1.808e+01 1.815e+01
 1.824e+01 1.834e+01 1.845e+01 1.858e+01 1.873e+01 1.890e+01 1.909e+01 1.930e+01
 1.952e+01 1.975e+01 2.000e+01 2.026e+01 2.053e+01 2.081e+01 2.112e+01 2.145e+01
 2.181e+01 2.220e+01 2.262e+01 2.305e+01 2.346e+01 2.384e+01 2.416e+01 2.444e+01
 2.467e+01 2.486e+01 2.501e+01 2.514e+01 2.525e+01 2.533e+01 2.540e+01 2.547e+01
 2.552e+01 2.557e+01 2.561e+01 2.565e+01 2.568e+01 2.571e+01 2.574e+01 2.577e+01
 2.579e+01 2.582e+01 2.585e+01 2.587e+01 2.590e+01 2.593e+01 2.596e+01 2.599e+01
 2.602e+01 2.606e+01 2.610e+01 2.613e+01 2.618e+01 2.622e+01 2.627e+01 2.632e+01
 2.637e+01 2.643e+01 2.649e+01 2.654e+01 2.660e+01 2.666e+01 2.673e+01 2.679e+01
 2.685e+01 2.690e+01 2.696e+01 2.702e+01 2.708e+01 2.713e+01 2.718e+01 2.723e+01
 2.728e+01 2.732e+01 2.737e+01 2.740e+01 2.744e+01 2.748e+01 2.751e+01 2.754e+01
 2.757e+01 2.760e+01 2.762e+01 2.765e+01 2.767e+01 2.769e+01 2.771e+01 2.773e+01
C-------------------------------------------------------------------------------
C
C  The fractional abundance and radiated power were generated from the
C  ADAS installation at UKAEA with the named adf11 files. The adf11 data
C  files may be updated in a later release of ADAS and publicly
C  available versions may be found at https://open.adas.ac.uk/.
C
C  The equilibrium balance data was produced with run_adas405.py and
C  the balance with a confinement time with adas4xx_ionbal_tau.py
C  which are functions from the ADAS library. Details on these codes
C  may be found at: https://www.adas.ac.uk/python_lib/index.html
C
C  Copyright (C) 2023 UK Atomic Energy Authority
C
C  This file was generated for use in the UKAEA systems code PROCESS
C  using a script written by Martin O'Mullane.
C  If acquired without provenance a user is strongly advised
C  to check its validity by re-generating using the adf11 files from
C  the OPEN-ADAS site.
C
C  Produced by : Timothy Nunn
C  Date        : 24-05-23
C
C-------------------------------------------------------------------------------
