Mean quadratic charge as a function dwell time.
Temperature :      1.0 -  40000.0 eV
Density     : 1.00e+20 m-3
   200     5  # Te values, dwell time

Source data:
acd : /home/adas/adas/adf11/acd96/acd96_si.dat
scd : /home/adas/adas/adf11/scd96/scd96_si.dat
plt : /home/adas/adas/adf11/plt96/plt96_si.dat
prb : /home/adas/adas/adf11/prb96/prb96_si.dat

Te[eV]
 1.000e+00 1.055e+00 1.112e+00 1.173e+00 1.237e+00 1.305e+00 1.376e+00 1.452e+00
 1.531e+00 1.615e+00 1.703e+00 1.796e+00 1.895e+00 1.998e+00 2.107e+00 2.223e+00
 2.344e+00 2.473e+00 2.608e+00 2.750e+00 2.901e+00 3.059e+00 3.227e+00 3.403e+00
 3.589e+00 3.786e+00 3.993e+00 4.211e+00 4.441e+00 4.684e+00 4.941e+00 5.211e+00
 5.496e+00 5.796e+00 6.113e+00 6.448e+00 6.800e+00 7.172e+00 7.565e+00 7.978e+00
 8.415e+00 8.875e+00 9.360e+00 9.872e+00 1.041e+01 1.098e+01 1.158e+01 1.222e+01
 1.288e+01 1.359e+01 1.433e+01 1.512e+01 1.594e+01 1.681e+01 1.773e+01 1.870e+01
 1.973e+01 2.081e+01 2.194e+01 2.314e+01 2.441e+01 2.574e+01 2.715e+01 2.864e+01
 3.020e+01 3.186e+01 3.360e+01 3.544e+01 3.737e+01 3.942e+01 4.157e+01 4.385e+01
 4.625e+01 4.877e+01 5.144e+01 5.426e+01 5.722e+01 6.035e+01 6.365e+01 6.713e+01
 7.081e+01 7.468e+01 7.876e+01 8.307e+01 8.761e+01 9.241e+01 9.746e+01 1.028e+02
 1.084e+02 1.143e+02 1.206e+02 1.272e+02 1.341e+02 1.415e+02 1.492e+02 1.574e+02
 1.660e+02 1.751e+02 1.846e+02 1.947e+02 2.054e+02 2.166e+02 2.285e+02 2.410e+02
 2.542e+02 2.681e+02 2.827e+02 2.982e+02 3.145e+02 3.317e+02 3.498e+02 3.690e+02
 3.891e+02 4.104e+02 4.329e+02 4.565e+02 4.815e+02 5.078e+02 5.356e+02 5.649e+02
 5.958e+02 6.284e+02 6.628e+02 6.990e+02 7.373e+02 7.776e+02 8.201e+02 8.650e+02
 9.123e+02 9.622e+02 1.015e+03 1.070e+03 1.129e+03 1.191e+03 1.256e+03 1.324e+03
 1.397e+03 1.473e+03 1.554e+03 1.639e+03 1.728e+03 1.823e+03 1.923e+03 2.028e+03
 2.139e+03 2.256e+03 2.379e+03 2.509e+03 2.646e+03 2.791e+03 2.944e+03 3.105e+03
 3.274e+03 3.454e+03 3.642e+03 3.842e+03 4.052e+03 4.273e+03 4.507e+03 4.754e+03
 5.014e+03 5.288e+03 5.577e+03 5.882e+03 6.204e+03 6.543e+03 6.901e+03 7.278e+03
 7.676e+03 8.096e+03 8.539e+03 9.006e+03 9.499e+03 1.002e+04 1.057e+04 1.114e+04
 1.175e+04 1.240e+04 1.307e+04 1.379e+04 1.454e+04 1.534e+04 1.618e+04 1.706e+04
 1.800e+04 1.898e+04 2.002e+04 2.111e+04 2.227e+04 2.349e+04 2.477e+04 2.612e+04
 2.755e+04 2.906e+04 3.065e+04 3.233e+04 3.409e+04 3.596e+04 3.793e+04 4.000e+04
sqrt(<Z^2>) for tau[ms]=    0.1
 9.357e-01 9.536e-01 9.668e-01 9.772e-01 9.865e-01 9.965e-01 1.009e+00 1.028e+00
 1.055e+00 1.096e+00 1.152e+00 1.225e+00 1.314e+00 1.412e+00 1.514e+00 1.612e+00
 1.704e+00 1.787e+00 1.863e+00 1.933e+00 2.002e+00 2.070e+00 2.140e+00 2.214e+00
 2.291e+00 2.373e+00 2.460e+00 2.551e+00 2.647e+00 2.747e+00 2.851e+00 2.956e+00
 3.059e+00 3.160e+00 3.255e+00 3.342e+00 3.422e+00 3.493e+00 3.556e+00 3.610e+00
 3.658e+00 3.699e+00 3.734e+00 3.764e+00 3.790e+00 3.813e+00 3.832e+00 3.849e+00
 3.863e+00 3.876e+00 3.887e+00 3.897e+00 3.905e+00 3.914e+00 3.921e+00 3.929e+00
 3.937e+00 3.946e+00 3.957e+00 3.970e+00 3.987e+00 4.008e+00 4.035e+00 4.069e+00
 4.109e+00 4.159e+00 4.216e+00 4.282e+00 4.357e+00 4.439e+00 4.528e+00 4.624e+00
 4.726e+00 4.834e+00 4.946e+00 5.062e+00 5.181e+00 5.303e+00 5.427e+00 5.552e+00
 5.677e+00 5.803e+00 5.929e+00 6.055e+00 6.181e+00 6.306e+00 6.431e+00 6.555e+00
 6.680e+00 6.803e+00 6.926e+00 7.048e+00 7.169e+00 7.289e+00 7.407e+00 7.523e+00
 7.637e+00 7.750e+00 7.859e+00 7.967e+00 8.072e+00 8.174e+00 8.273e+00 8.370e+00
 8.463e+00 8.554e+00 8.641e+00 8.725e+00 8.807e+00 8.885e+00 8.960e+00 9.032e+00
 9.101e+00 9.166e+00 9.229e+00 9.289e+00 9.346e+00 9.400e+00 9.452e+00 9.501e+00
 9.547e+00 9.591e+00 9.633e+00 9.672e+00 9.710e+00 9.745e+00 9.778e+00 9.810e+00
 9.840e+00 9.868e+00 9.894e+00 9.919e+00 9.942e+00 9.964e+00 9.984e+00 1.000e+01
 1.002e+01 1.004e+01 1.005e+01 1.007e+01 1.008e+01 1.009e+01 1.010e+01 1.011e+01
 1.012e+01 1.013e+01 1.013e+01 1.014e+01 1.015e+01 1.015e+01 1.015e+01 1.016e+01
 1.016e+01 1.016e+01 1.016e+01 1.016e+01 1.016e+01 1.016e+01 1.016e+01 1.016e+01
 1.016e+01 1.016e+01 1.015e+01 1.015e+01 1.015e+01 1.014e+01 1.014e+01 1.013e+01
 1.013e+01 1.012e+01 1.012e+01 1.011e+01 1.010e+01 1.010e+01 1.009e+01 1.008e+01
 1.007e+01 1.007e+01 1.006e+01 1.005e+01 1.004e+01 1.003e+01 1.003e+01 1.002e+01
 1.001e+01 1.000e+01 9.992e+00 9.984e+00 9.976e+00 9.967e+00 9.958e+00 9.950e+00
 9.941e+00 9.932e+00 9.924e+00 9.915e+00 9.906e+00 9.897e+00 9.888e+00 9.879e+00
sqrt(<Z^2>) for tau[ms]=    1.0
 9.932e-01 9.990e-01 1.007e+00 1.020e+00 1.042e+00 1.079e+00 1.138e+00 1.222e+00
 1.330e+00 1.454e+00 1.581e+00 1.698e+00 1.802e+00 1.894e+00 1.980e+00 2.066e+00
 2.157e+00 2.253e+00 2.354e+00 2.457e+00 2.562e+00 2.669e+00 2.778e+00 2.893e+00
 3.014e+00 3.142e+00 3.270e+00 3.393e+00 3.504e+00 3.600e+00 3.680e+00 3.745e+00
 3.796e+00 3.836e+00 3.868e+00 3.892e+00 3.911e+00 3.927e+00 3.939e+00 3.949e+00
 3.956e+00 3.963e+00 3.968e+00 3.972e+00 3.976e+00 3.979e+00 3.981e+00 3.983e+00
 3.985e+00 3.987e+00 3.990e+00 3.993e+00 3.997e+00 4.004e+00 4.014e+00 4.030e+00
 4.052e+00 4.085e+00 4.129e+00 4.187e+00 4.259e+00 4.345e+00 4.444e+00 4.553e+00
 4.671e+00 4.798e+00 4.932e+00 5.073e+00 5.221e+00 5.374e+00 5.533e+00 5.693e+00
 5.856e+00 6.018e+00 6.180e+00 6.340e+00 6.498e+00 6.657e+00 6.816e+00 6.978e+00
 7.144e+00 7.314e+00 7.488e+00 7.666e+00 7.847e+00 8.029e+00 8.212e+00 8.394e+00
 8.575e+00 8.755e+00 8.933e+00 9.108e+00 9.280e+00 9.449e+00 9.614e+00 9.774e+00
 9.927e+00 1.007e+01 1.021e+01 1.034e+01 1.047e+01 1.058e+01 1.068e+01 1.078e+01
 1.086e+01 1.094e+01 1.102e+01 1.108e+01 1.114e+01 1.119e+01 1.124e+01 1.129e+01
 1.133e+01 1.136e+01 1.140e+01 1.143e+01 1.145e+01 1.148e+01 1.151e+01 1.153e+01
 1.155e+01 1.158e+01 1.160e+01 1.162e+01 1.165e+01 1.167e+01 1.170e+01 1.172e+01
 1.175e+01 1.178e+01 1.181e+01 1.183e+01 1.186e+01 1.189e+01 1.192e+01 1.195e+01
 1.198e+01 1.201e+01 1.204e+01 1.207e+01 1.210e+01 1.213e+01 1.216e+01 1.219e+01
 1.222e+01 1.225e+01 1.228e+01 1.231e+01 1.234e+01 1.236e+01 1.239e+01 1.241e+01
 1.244e+01 1.246e+01 1.248e+01 1.250e+01 1.252e+01 1.253e+01 1.255e+01 1.256e+01
 1.258e+01 1.259e+01 1.260e+01 1.261e+01 1.262e+01 1.263e+01 1.264e+01 1.265e+01
 1.266e+01 1.267e+01 1.267e+01 1.268e+01 1.269e+01 1.269e+01 1.270e+01 1.270e+01
 1.270e+01 1.271e+01 1.271e+01 1.271e+01 1.272e+01 1.272e+01 1.272e+01 1.273e+01
 1.273e+01 1.273e+01 1.274e+01 1.274e+01 1.274e+01 1.274e+01 1.275e+01 1.275e+01
 1.275e+01 1.276e+01 1.276e+01 1.276e+01 1.276e+01 1.277e+01 1.277e+01 1.277e+01
sqrt(<Z^2>) for tau[ms]=   10.0
 1.005e+00 1.016e+00 1.036e+00 1.070e+00 1.127e+00 1.212e+00 1.327e+00 1.460e+00
 1.596e+00 1.721e+00 1.830e+00 1.926e+00 2.020e+00 2.120e+00 2.230e+00 2.349e+00
 2.471e+00 2.588e+00 2.697e+00 2.799e+00 2.901e+00 3.012e+00 3.138e+00 3.277e+00
 3.420e+00 3.554e+00 3.669e+00 3.759e+00 3.826e+00 3.875e+00 3.909e+00 3.934e+00
 3.951e+00 3.963e+00 3.972e+00 3.978e+00 3.983e+00 3.987e+00 3.989e+00 3.991e+00
 3.993e+00 3.994e+00 3.995e+00 3.996e+00 3.996e+00 3.997e+00 3.998e+00 3.998e+00
 4.000e+00 4.002e+00 4.006e+00 4.012e+00 4.023e+00 4.041e+00 4.068e+00 4.109e+00
 4.166e+00 4.240e+00 4.330e+00 4.434e+00 4.548e+00 4.668e+00 4.793e+00 4.924e+00
 5.062e+00 5.208e+00 5.362e+00 5.525e+00 5.693e+00 5.864e+00 6.035e+00 6.205e+00
 6.370e+00 6.531e+00 6.690e+00 6.848e+00 7.008e+00 7.173e+00 7.346e+00 7.530e+00
 7.724e+00 7.930e+00 8.144e+00 8.364e+00 8.588e+00 8.816e+00 9.046e+00 9.280e+00
 9.518e+00 9.759e+00 1.000e+01 1.024e+01 1.046e+01 1.068e+01 1.087e+01 1.104e+01
 1.118e+01 1.131e+01 1.141e+01 1.149e+01 1.157e+01 1.162e+01 1.167e+01 1.171e+01
 1.175e+01 1.178e+01 1.180e+01 1.182e+01 1.184e+01 1.185e+01 1.187e+01 1.188e+01
 1.189e+01 1.190e+01 1.191e+01 1.192e+01 1.194e+01 1.195e+01 1.197e+01 1.200e+01
 1.202e+01 1.205e+01 1.209e+01 1.214e+01 1.218e+01 1.224e+01 1.230e+01 1.236e+01
 1.243e+01 1.250e+01 1.257e+01 1.264e+01 1.271e+01 1.278e+01 1.285e+01 1.292e+01
 1.298e+01 1.305e+01 1.310e+01 1.316e+01 1.321e+01 1.326e+01 1.331e+01 1.336e+01
 1.340e+01 1.343e+01 1.347e+01 1.350e+01 1.353e+01 1.355e+01 1.357e+01 1.360e+01
 1.361e+01 1.363e+01 1.365e+01 1.366e+01 1.367e+01 1.369e+01 1.370e+01 1.371e+01
 1.371e+01 1.372e+01 1.373e+01 1.374e+01 1.374e+01 1.375e+01 1.375e+01 1.376e+01
 1.376e+01 1.377e+01 1.377e+01 1.377e+01 1.378e+01 1.378e+01 1.378e+01 1.378e+01
 1.379e+01 1.379e+01 1.379e+01 1.379e+01 1.380e+01 1.380e+01 1.380e+01 1.380e+01
 1.380e+01 1.380e+01 1.381e+01 1.381e+01 1.381e+01 1.381e+01 1.381e+01 1.381e+01
 1.382e+01 1.382e+01 1.382e+01 1.382e+01 1.382e+01 1.382e+01 1.382e+01 1.382e+01
sqrt(<Z^2>) for tau[ms]=  100.0
 1.009e+00 1.022e+00 1.046e+00 1.089e+00 1.156e+00 1.254e+00 1.379e+00 1.516e+00
 1.650e+00 1.769e+00 1.873e+00 1.968e+00 2.066e+00 2.174e+00 2.294e+00 2.420e+00
 2.544e+00 2.659e+00 2.763e+00 2.861e+00 2.961e+00 3.074e+00 3.204e+00 3.349e+00
 3.494e+00 3.626e+00 3.732e+00 3.813e+00 3.870e+00 3.910e+00 3.937e+00 3.956e+00
 3.968e+00 3.977e+00 3.983e+00 3.988e+00 3.991e+00 3.993e+00 3.995e+00 3.996e+00
 3.997e+00 3.997e+00 3.998e+00 3.998e+00 3.999e+00 3.999e+00 3.999e+00 4.000e+00
 4.002e+00 4.004e+00 4.009e+00 4.017e+00 4.030e+00 4.052e+00 4.086e+00 4.136e+00
 4.202e+00 4.287e+00 4.386e+00 4.497e+00 4.614e+00 4.736e+00 4.862e+00 4.993e+00
 5.132e+00 5.280e+00 5.437e+00 5.602e+00 5.772e+00 5.945e+00 6.117e+00 6.285e+00
 6.449e+00 6.608e+00 6.765e+00 6.922e+00 7.082e+00 7.248e+00 7.425e+00 7.613e+00
 7.815e+00 8.028e+00 8.251e+00 8.480e+00 8.715e+00 8.954e+00 9.199e+00 9.452e+00
 9.712e+00 9.978e+00 1.024e+01 1.050e+01 1.075e+01 1.096e+01 1.115e+01 1.131e+01
 1.144e+01 1.155e+01 1.163e+01 1.170e+01 1.175e+01 1.179e+01 1.182e+01 1.185e+01
 1.187e+01 1.189e+01 1.190e+01 1.192e+01 1.193e+01 1.194e+01 1.194e+01 1.195e+01
 1.196e+01 1.197e+01 1.198e+01 1.199e+01 1.201e+01 1.202e+01 1.205e+01 1.208e+01
 1.211e+01 1.216e+01 1.221e+01 1.227e+01 1.233e+01 1.241e+01 1.249e+01 1.258e+01
 1.267e+01 1.277e+01 1.286e+01 1.295e+01 1.304e+01 1.313e+01 1.321e+01 1.328e+01
 1.335e+01 1.342e+01 1.348e+01 1.353e+01 1.358e+01 1.362e+01 1.366e+01 1.370e+01
 1.373e+01 1.375e+01 1.378e+01 1.380e+01 1.382e+01 1.383e+01 1.385e+01 1.386e+01
 1.387e+01 1.388e+01 1.389e+01 1.390e+01 1.391e+01 1.391e+01 1.392e+01 1.392e+01
 1.393e+01 1.393e+01 1.394e+01 1.394e+01 1.394e+01 1.395e+01 1.395e+01 1.395e+01
 1.395e+01 1.396e+01 1.396e+01 1.396e+01 1.396e+01 1.396e+01 1.396e+01 1.396e+01
 1.396e+01 1.397e+01 1.397e+01 1.397e+01 1.397e+01 1.397e+01 1.397e+01 1.397e+01
 1.397e+01 1.397e+01 1.397e+01 1.397e+01 1.398e+01 1.398e+01 1.398e+01 1.398e+01
 1.398e+01 1.398e+01 1.398e+01 1.398e+01 1.398e+01 1.398e+01 1.398e+01 1.398e+01
sqrt(<Z^2>) for tau[ms]= 1000.0
 1.009e+00 1.023e+00 1.048e+00 1.091e+00 1.160e+00 1.259e+00 1.385e+00 1.523e+00
 1.656e+00 1.775e+00 1.878e+00 1.973e+00 2.071e+00 2.180e+00 2.301e+00 2.428e+00
 2.553e+00 2.667e+00 2.771e+00 2.868e+00 2.967e+00 3.080e+00 3.211e+00 3.357e+00
 3.503e+00 3.633e+00 3.739e+00 3.818e+00 3.875e+00 3.914e+00 3.940e+00 3.958e+00
 3.970e+00 3.979e+00 3.984e+00 3.988e+00 3.991e+00 3.994e+00 3.995e+00 3.996e+00
 3.997e+00 3.998e+00 3.998e+00 3.998e+00 3.999e+00 3.999e+00 4.000e+00 4.000e+00
 4.002e+00 4.004e+00 4.009e+00 4.017e+00 4.031e+00 4.054e+00 4.089e+00 4.139e+00
 4.207e+00 4.292e+00 4.393e+00 4.504e+00 4.622e+00 4.743e+00 4.869e+00 5.001e+00
 5.140e+00 5.288e+00 5.445e+00 5.610e+00 5.781e+00 5.954e+00 6.125e+00 6.294e+00
 6.457e+00 6.616e+00 6.773e+00 6.930e+00 7.090e+00 7.256e+00 7.433e+00 7.622e+00
 7.824e+00 8.038e+00 8.262e+00 8.493e+00 8.729e+00 8.970e+00 9.216e+00 9.471e+00
 9.734e+00 1.000e+01 1.027e+01 1.054e+01 1.078e+01 1.100e+01 1.119e+01 1.134e+01
 1.147e+01 1.157e+01 1.166e+01 1.172e+01 1.177e+01 1.181e+01 1.184e+01 1.187e+01
 1.189e+01 1.190e+01 1.191e+01 1.193e+01 1.194e+01 1.194e+01 1.195e+01 1.196e+01
 1.197e+01 1.198e+01 1.199e+01 1.200e+01 1.201e+01 1.203e+01 1.206e+01 1.209e+01
 1.212e+01 1.217e+01 1.222e+01 1.228e+01 1.235e+01 1.243e+01 1.252e+01 1.261e+01
 1.271e+01 1.280e+01 1.290e+01 1.300e+01 1.309e+01 1.318e+01 1.326e+01 1.334e+01
 1.341e+01 1.347e+01 1.353e+01 1.358e+01 1.363e+01 1.367e+01 1.371e+01 1.374e+01
 1.377e+01 1.379e+01 1.382e+01 1.384e+01 1.385e+01 1.387e+01 1.388e+01 1.389e+01
 1.390e+01 1.391e+01 1.392e+01 1.393e+01 1.393e+01 1.394e+01 1.394e+01 1.395e+01
 1.395e+01 1.396e+01 1.396e+01 1.396e+01 1.396e+01 1.397e+01 1.397e+01 1.397e+01
 1.397e+01 1.398e+01 1.398e+01 1.398e+01 1.398e+01 1.398e+01 1.398e+01 1.398e+01
 1.398e+01 1.398e+01 1.399e+01 1.399e+01 1.399e+01 1.399e+01 1.399e+01 1.399e+01
 1.399e+01 1.399e+01 1.399e+01 1.399e+01 1.399e+01 1.399e+01 1.399e+01 1.399e+01
 1.399e+01 1.399e+01 1.400e+01 1.400e+01 1.400e+01 1.400e+01 1.400e+01 1.400e+01
sqrt(<Z^2>) in equilibrium - infinite confinement
 1.009e+00 1.023e+00 1.048e+00 1.091e+00 1.161e+00 1.260e+00 1.386e+00 1.524e+00
 1.657e+00 1.775e+00 1.878e+00 1.973e+00 2.072e+00 2.181e+00 2.302e+00 2.429e+00
 2.554e+00 2.668e+00 2.771e+00 2.868e+00 2.968e+00 3.081e+00 3.212e+00 3.358e+00
 3.503e+00 3.634e+00 3.740e+00 3.819e+00 3.875e+00 3.914e+00 3.940e+00 3.958e+00
 3.970e+00 3.979e+00 3.985e+00 3.989e+00 3.991e+00 3.994e+00 3.995e+00 3.996e+00
 3.997e+00 3.998e+00 3.998e+00 3.999e+00 3.999e+00 3.999e+00 4.000e+00 4.000e+00
 4.002e+00 4.004e+00 4.009e+00 4.017e+00 4.031e+00 4.054e+00 4.089e+00 4.139e+00
 4.207e+00 4.293e+00 4.394e+00 4.505e+00 4.623e+00 4.744e+00 4.870e+00 5.002e+00
 5.141e+00 5.289e+00 5.446e+00 5.611e+00 5.782e+00 5.955e+00 6.126e+00 6.295e+00
 6.458e+00 6.617e+00 6.774e+00 6.930e+00 7.090e+00 7.257e+00 7.434e+00 7.623e+00
 7.825e+00 8.040e+00 8.263e+00 8.494e+00 8.730e+00 8.971e+00 9.219e+00 9.473e+00
 9.737e+00 1.001e+01 1.028e+01 1.054e+01 1.078e+01 1.100e+01 1.119e+01 1.135e+01
 1.148e+01 1.158e+01 1.166e+01 1.172e+01 1.177e+01 1.181e+01 1.184e+01 1.187e+01
 1.189e+01 1.190e+01 1.192e+01 1.193e+01 1.194e+01 1.194e+01 1.195e+01 1.196e+01
 1.197e+01 1.198e+01 1.199e+01 1.200e+01 1.201e+01 1.203e+01 1.206e+01 1.209e+01
 1.213e+01 1.217e+01 1.222e+01 1.229e+01 1.236e+01 1.244e+01 1.252e+01 1.261e+01
 1.271e+01 1.281e+01 1.291e+01 1.300e+01 1.310e+01 1.318e+01 1.327e+01 1.334e+01
 1.341e+01 1.348e+01 1.353e+01 1.359e+01 1.363e+01 1.368e+01 1.371e+01 1.374e+01
 1.377e+01 1.380e+01 1.382e+01 1.384e+01 1.386e+01 1.387e+01 1.388e+01 1.390e+01
 1.391e+01 1.392e+01 1.392e+01 1.393e+01 1.394e+01 1.394e+01 1.395e+01 1.395e+01
 1.396e+01 1.396e+01 1.396e+01 1.396e+01 1.397e+01 1.397e+01 1.397e+01 1.397e+01
 1.398e+01 1.398e+01 1.398e+01 1.398e+01 1.398e+01 1.398e+01 1.398e+01 1.399e+01
 1.399e+01 1.399e+01 1.399e+01 1.399e+01 1.399e+01 1.399e+01 1.399e+01 1.399e+01
 1.399e+01 1.399e+01 1.399e+01 1.399e+01 1.399e+01 1.399e+01 1.399e+01 1.399e+01
 1.400e+01 1.400e+01 1.400e+01 1.400e+01 1.400e+01 1.400e+01 1.400e+01 1.400e+01
C-------------------------------------------------------------------------------
C
C  The fractional abundance and radiated power were generated from the
C  ADAS installation at UKAEA with the named adf11 files. The adf11 data
C  files may be updated in a later release of ADAS and publicly
C  available versions may be found at https://open.adas.ac.uk/.
C
C  The equilibrium balance data was produced with run_adas405.py and
C  the balance with a confinement time with adas4xx_ionbal_tau.py
C  which are functions from the ADAS library. Details on these codes
C  may be found at: https://www.adas.ac.uk/python_lib/index.html
C
C  Copyright (C) 2023 UK Atomic Energy Authority
C
C  This file was generated for use in the UKAEA systems code PROCESS
C  using a script written by Martin O'Mullane.
C  If acquired without provenance a user is strongly advised
C  to check its validity by re-generating using the adf11 files from
C  the OPEN-ADAS site.
C
C  Produced by : Timothy Nunn
C  Date        : 24-05-23
C
C-------------------------------------------------------------------------------
