Mean quadratic charge as a function dwell time.
Temperature :      1.0 -  40000.0 eV
Density     : 1.00e+20 m-3
   200     5  # Te values, dwell time

Source data:
acd : /home/adas/adas/adf11/acd50/acd50_w.dat
scd : /home/adas/adas/adf11/scd50/scd50_w.dat
plt : /home/adas/adas/adf11/plt50/plt50_w.dat
prb : /home/adas/adas/adf11/prb50/prb50_w.dat

Te[eV]
 1.000e+00 1.055e+00 1.112e+00 1.173e+00 1.237e+00 1.305e+00 1.376e+00 1.452e+00
 1.531e+00 1.615e+00 1.703e+00 1.796e+00 1.895e+00 1.998e+00 2.107e+00 2.223e+00
 2.344e+00 2.473e+00 2.608e+00 2.750e+00 2.901e+00 3.059e+00 3.227e+00 3.403e+00
 3.589e+00 3.786e+00 3.993e+00 4.211e+00 4.441e+00 4.684e+00 4.941e+00 5.211e+00
 5.496e+00 5.796e+00 6.113e+00 6.448e+00 6.800e+00 7.172e+00 7.565e+00 7.978e+00
 8.415e+00 8.875e+00 9.360e+00 9.872e+00 1.041e+01 1.098e+01 1.158e+01 1.222e+01
 1.288e+01 1.359e+01 1.433e+01 1.512e+01 1.594e+01 1.681e+01 1.773e+01 1.870e+01
 1.973e+01 2.081e+01 2.194e+01 2.314e+01 2.441e+01 2.574e+01 2.715e+01 2.864e+01
 3.020e+01 3.186e+01 3.360e+01 3.544e+01 3.737e+01 3.942e+01 4.157e+01 4.385e+01
 4.625e+01 4.877e+01 5.144e+01 5.426e+01 5.722e+01 6.035e+01 6.365e+01 6.713e+01
 7.081e+01 7.468e+01 7.876e+01 8.307e+01 8.761e+01 9.241e+01 9.746e+01 1.028e+02
 1.084e+02 1.143e+02 1.206e+02 1.272e+02 1.341e+02 1.415e+02 1.492e+02 1.574e+02
 1.660e+02 1.751e+02 1.846e+02 1.947e+02 2.054e+02 2.166e+02 2.285e+02 2.410e+02
 2.542e+02 2.681e+02 2.827e+02 2.982e+02 3.145e+02 3.317e+02 3.498e+02 3.690e+02
 3.891e+02 4.104e+02 4.329e+02 4.565e+02 4.815e+02 5.078e+02 5.356e+02 5.649e+02
 5.958e+02 6.284e+02 6.628e+02 6.990e+02 7.373e+02 7.776e+02 8.201e+02 8.650e+02
 9.123e+02 9.622e+02 1.015e+03 1.070e+03 1.129e+03 1.191e+03 1.256e+03 1.324e+03
 1.397e+03 1.473e+03 1.554e+03 1.639e+03 1.728e+03 1.823e+03 1.923e+03 2.028e+03
 2.139e+03 2.256e+03 2.379e+03 2.509e+03 2.646e+03 2.791e+03 2.944e+03 3.105e+03
 3.274e+03 3.454e+03 3.642e+03 3.842e+03 4.052e+03 4.273e+03 4.507e+03 4.754e+03
 5.014e+03 5.288e+03 5.577e+03 5.882e+03 6.204e+03 6.543e+03 6.901e+03 7.278e+03
 7.676e+03 8.096e+03 8.539e+03 9.006e+03 9.499e+03 1.002e+04 1.057e+04 1.114e+04
 1.175e+04 1.240e+04 1.307e+04 1.379e+04 1.454e+04 1.534e+04 1.618e+04 1.706e+04
 1.800e+04 1.898e+04 2.002e+04 2.111e+04 2.227e+04 2.349e+04 2.477e+04 2.612e+04
 2.755e+04 2.906e+04 3.065e+04 3.233e+04 3.409e+04 3.596e+04 3.793e+04 4.000e+04
sqrt(<Z^2>) for tau[ms]=    0.1
 6.053e-01 6.777e-01 7.449e-01 8.039e-01 8.536e-01 8.947e-01 9.294e-01 9.615e-01
 9.957e-01 1.037e+00 1.090e+00 1.157e+00 1.239e+00 1.333e+00 1.432e+00 1.530e+00
 1.622e+00 1.706e+00 1.783e+00 1.855e+00 1.927e+00 2.003e+00 2.086e+00 2.179e+00
 2.282e+00 2.390e+00 2.501e+00 2.614e+00 2.727e+00 2.845e+00 2.967e+00 3.096e+00
 3.230e+00 3.363e+00 3.494e+00 3.619e+00 3.737e+00 3.850e+00 3.961e+00 4.070e+00
 4.180e+00 4.292e+00 4.406e+00 4.522e+00 4.640e+00 4.760e+00 4.881e+00 5.000e+00
 5.116e+00 5.226e+00 5.328e+00 5.422e+00 5.508e+00 5.586e+00 5.659e+00 5.729e+00
 5.797e+00 5.866e+00 5.939e+00 6.018e+00 6.105e+00 6.201e+00 6.307e+00 6.426e+00
 6.556e+00 6.700e+00 6.857e+00 7.027e+00 7.211e+00 7.408e+00 7.616e+00 7.835e+00
 8.063e+00 8.298e+00 8.539e+00 8.786e+00 9.036e+00 9.291e+00 9.550e+00 9.814e+00
 1.008e+01 1.035e+01 1.063e+01 1.090e+01 1.118e+01 1.145e+01 1.173e+01 1.200e+01
 1.227e+01 1.254e+01 1.281e+01 1.309e+01 1.336e+01 1.364e+01 1.392e+01 1.421e+01
 1.450e+01 1.480e+01 1.510e+01 1.541e+01 1.571e+01 1.601e+01 1.631e+01 1.661e+01
 1.690e+01 1.718e+01 1.746e+01 1.773e+01 1.799e+01 1.825e+01 1.850e+01 1.875e+01
 1.899e+01 1.923e+01 1.946e+01 1.969e+01 1.992e+01 2.015e+01 2.037e+01 2.058e+01
 2.080e+01 2.101e+01 2.121e+01 2.141e+01 2.161e+01 2.180e+01 2.199e+01 2.218e+01
 2.237e+01 2.255e+01 2.273e+01 2.291e+01 2.310e+01 2.328e+01 2.346e+01 2.364e+01
 2.382e+01 2.400e+01 2.417e+01 2.435e+01 2.452e+01 2.468e+01 2.484e+01 2.500e+01
 2.514e+01 2.528e+01 2.542e+01 2.554e+01 2.566e+01 2.577e+01 2.587e+01 2.596e+01
 2.605e+01 2.612e+01 2.619e+01 2.626e+01 2.631e+01 2.636e+01 2.640e+01 2.643e+01
 2.646e+01 2.648e+01 2.650e+01 2.650e+01 2.651e+01 2.650e+01 2.650e+01 2.648e+01
 2.646e+01 2.644e+01 2.641e+01 2.638e+01 2.634e+01 2.629e+01 2.624e+01 2.619e+01
 2.613e+01 2.607e+01 2.601e+01 2.594e+01 2.587e+01 2.579e+01 2.571e+01 2.563e+01
 2.555e+01 2.546e+01 2.537e+01 2.528e+01 2.519e+01 2.509e+01 2.499e+01 2.489e+01
 2.479e+01 2.468e+01 2.458e+01 2.447e+01 2.436e+01 2.425e+01 2.414e+01 2.403e+01
sqrt(<Z^2>) for tau[ms]=    1.0
 9.133e-01 9.402e-01 9.618e-01 9.812e-01 1.002e+00 1.031e+00 1.075e+00 1.142e+00
 1.233e+00 1.347e+00 1.469e+00 1.586e+00 1.688e+00 1.774e+00 1.844e+00 1.904e+00
 1.962e+00 2.022e+00 2.091e+00 2.171e+00 2.264e+00 2.366e+00 2.472e+00 2.578e+00
 2.681e+00 2.780e+00 2.880e+00 2.983e+00 3.093e+00 3.211e+00 3.335e+00 3.460e+00
 3.582e+00 3.698e+00 3.807e+00 3.912e+00 4.013e+00 4.115e+00 4.217e+00 4.322e+00
 4.430e+00 4.541e+00 4.654e+00 4.771e+00 4.889e+00 5.008e+00 5.124e+00 5.237e+00
 5.342e+00 5.439e+00 5.527e+00 5.606e+00 5.677e+00 5.743e+00 5.806e+00 5.868e+00
 5.932e+00 6.000e+00 6.076e+00 6.161e+00 6.258e+00 6.368e+00 6.492e+00 6.633e+00
 6.790e+00 6.966e+00 7.160e+00 7.373e+00 7.604e+00 7.853e+00 8.117e+00 8.396e+00
 8.686e+00 8.985e+00 9.294e+00 9.612e+00 9.940e+00 1.028e+01 1.062e+01 1.098e+01
 1.133e+01 1.168e+01 1.201e+01 1.234e+01 1.265e+01 1.295e+01 1.324e+01 1.353e+01
 1.381e+01 1.409e+01 1.438e+01 1.467e+01 1.497e+01 1.528e+01 1.560e+01 1.594e+01
 1.628e+01 1.663e+01 1.699e+01 1.734e+01 1.768e+01 1.801e+01 1.834e+01 1.865e+01
 1.895e+01 1.924e+01 1.953e+01 1.981e+01 2.008e+01 2.036e+01 2.063e+01 2.090e+01
 2.116e+01 2.143e+01 2.170e+01 2.197e+01 2.224e+01 2.251e+01 2.278e+01 2.305e+01
 2.332e+01 2.358e+01 2.385e+01 2.412e+01 2.439e+01 2.466e+01 2.494e+01 2.522e+01
 2.551e+01 2.581e+01 2.614e+01 2.648e+01 2.684e+01 2.724e+01 2.766e+01 2.812e+01
 2.860e+01 2.909e+01 2.960e+01 3.011e+01 3.061e+01 3.111e+01 3.161e+01 3.210e+01
 3.261e+01 3.313e+01 3.369e+01 3.428e+01 3.489e+01 3.550e+01 3.610e+01 3.667e+01
 3.719e+01 3.767e+01 3.809e+01 3.847e+01 3.882e+01 3.913e+01 3.942e+01 3.968e+01
 3.993e+01 4.016e+01 4.038e+01 4.060e+01 4.080e+01 4.099e+01 4.118e+01 4.136e+01
 4.153e+01 4.169e+01 4.184e+01 4.198e+01 4.212e+01 4.224e+01 4.235e+01 4.245e+01
 4.254e+01 4.261e+01 4.268e+01 4.274e+01 4.279e+01 4.283e+01 4.285e+01 4.287e+01
 4.289e+01 4.289e+01 4.288e+01 4.287e+01 4.285e+01 4.282e+01 4.279e+01 4.275e+01
 4.270e+01 4.265e+01 4.259e+01 4.252e+01 4.245e+01 4.237e+01 4.229e+01 4.220e+01
sqrt(<Z^2>) for tau[ms]=   10.0
 9.805e-01 9.925e-01 1.007e+00 1.028e+00 1.064e+00 1.122e+00 1.209e+00 1.323e+00
 1.452e+00 1.578e+00 1.687e+00 1.774e+00 1.843e+00 1.899e+00 1.949e+00 1.999e+00
 2.054e+00 2.118e+00 2.194e+00 2.282e+00 2.378e+00 2.479e+00 2.579e+00 2.675e+00
 2.768e+00 2.859e+00 2.952e+00 3.052e+00 3.160e+00 3.277e+00 3.398e+00 3.519e+00
 3.636e+00 3.747e+00 3.852e+00 3.953e+00 4.052e+00 4.151e+00 4.252e+00 4.357e+00
 4.464e+00 4.574e+00 4.687e+00 4.803e+00 4.921e+00 5.039e+00 5.155e+00 5.265e+00
 5.369e+00 5.464e+00 5.550e+00 5.627e+00 5.696e+00 5.761e+00 5.822e+00 5.883e+00
 5.947e+00 6.016e+00 6.092e+00 6.178e+00 6.276e+00 6.388e+00 6.515e+00 6.659e+00
 6.820e+00 7.000e+00 7.200e+00 7.419e+00 7.658e+00 7.915e+00 8.188e+00 8.476e+00
 8.776e+00 9.087e+00 9.409e+00 9.741e+00 1.009e+01 1.044e+01 1.081e+01 1.118e+01
 1.154e+01 1.190e+01 1.225e+01 1.257e+01 1.289e+01 1.319e+01 1.347e+01 1.376e+01
 1.404e+01 1.432e+01 1.460e+01 1.489e+01 1.520e+01 1.551e+01 1.584e+01 1.618e+01
 1.654e+01 1.689e+01 1.725e+01 1.760e+01 1.795e+01 1.828e+01 1.861e+01 1.892e+01
 1.922e+01 1.951e+01 1.980e+01 2.008e+01 2.035e+01 2.062e+01 2.090e+01 2.117e+01
 2.144e+01 2.171e+01 2.199e+01 2.226e+01 2.254e+01 2.281e+01 2.309e+01 2.337e+01
 2.364e+01 2.392e+01 2.420e+01 2.447e+01 2.475e+01 2.504e+01 2.533e+01 2.563e+01
 2.594e+01 2.627e+01 2.662e+01 2.700e+01 2.741e+01 2.786e+01 2.835e+01 2.888e+01
 2.945e+01 3.004e+01 3.064e+01 3.125e+01 3.185e+01 3.245e+01 3.306e+01 3.370e+01
 3.442e+01 3.527e+01 3.629e+01 3.749e+01 3.879e+01 4.006e+01 4.116e+01 4.205e+01
 4.275e+01 4.330e+01 4.375e+01 4.413e+01 4.448e+01 4.480e+01 4.513e+01 4.546e+01
 4.580e+01 4.617e+01 4.657e+01 4.701e+01 4.747e+01 4.796e+01 4.847e+01 4.899e+01
 4.952e+01 5.005e+01 5.057e+01 5.109e+01 5.159e+01 5.209e+01 5.257e+01 5.303e+01
 5.348e+01 5.390e+01 5.431e+01 5.469e+01 5.505e+01 5.538e+01 5.570e+01 5.599e+01
 5.626e+01 5.651e+01 5.675e+01 5.697e+01 5.717e+01 5.736e+01 5.754e+01 5.770e+01
 5.784e+01 5.798e+01 5.809e+01 5.820e+01 5.830e+01 5.839e+01 5.847e+01 5.855e+01
sqrt(<Z^2>) for tau[ms]=  100.0
 9.889e-01 9.999e-01 1.015e+00 1.040e+00 1.082e+00 1.149e+00 1.246e+00 1.367e+00
 1.498e+00 1.619e+00 1.721e+00 1.801e+00 1.863e+00 1.915e+00 1.963e+00 2.012e+00
 2.067e+00 2.133e+00 2.209e+00 2.298e+00 2.394e+00 2.493e+00 2.592e+00 2.686e+00
 2.778e+00 2.868e+00 2.960e+00 3.060e+00 3.168e+00 3.284e+00 3.405e+00 3.526e+00
 3.642e+00 3.752e+00 3.857e+00 3.957e+00 4.056e+00 4.155e+00 4.256e+00 4.360e+00
 4.467e+00 4.577e+00 4.691e+00 4.807e+00 4.924e+00 5.042e+00 5.158e+00 5.268e+00
 5.372e+00 5.466e+00 5.552e+00 5.629e+00 5.698e+00 5.763e+00 5.824e+00 5.885e+00
 5.948e+00 6.017e+00 6.094e+00 6.180e+00 6.278e+00 6.390e+00 6.518e+00 6.661e+00
 6.823e+00 7.004e+00 7.204e+00 7.424e+00 7.664e+00 7.921e+00 8.196e+00 8.485e+00
 8.786e+00 9.098e+00 9.421e+00 9.755e+00 1.010e+01 1.046e+01 1.083e+01 1.120e+01
 1.157e+01 1.193e+01 1.227e+01 1.260e+01 1.291e+01 1.321e+01 1.350e+01 1.378e+01
 1.406e+01 1.434e+01 1.463e+01 1.492e+01 1.522e+01 1.554e+01 1.587e+01 1.621e+01
 1.656e+01 1.692e+01 1.728e+01 1.763e+01 1.798e+01 1.831e+01 1.864e+01 1.895e+01
 1.925e+01 1.954e+01 1.982e+01 2.010e+01 2.038e+01 2.065e+01 2.092e+01 2.120e+01
 2.147e+01 2.174e+01 2.202e+01 2.229e+01 2.257e+01 2.284e+01 2.312e+01 2.340e+01
 2.368e+01 2.395e+01 2.423e+01 2.451e+01 2.479e+01 2.508e+01 2.537e+01 2.567e+01
 2.599e+01 2.632e+01 2.667e+01 2.706e+01 2.747e+01 2.793e+01 2.843e+01 2.897e+01
 2.954e+01 3.014e+01 3.076e+01 3.138e+01 3.199e+01 3.261e+01 3.323e+01 3.390e+01
 3.465e+01 3.557e+01 3.671e+01 3.808e+01 3.957e+01 4.099e+01 4.217e+01 4.308e+01
 4.375e+01 4.426e+01 4.467e+01 4.502e+01 4.534e+01 4.566e+01 4.598e+01 4.631e+01
 4.668e+01 4.709e+01 4.753e+01 4.803e+01 4.856e+01 4.915e+01 4.976e+01 5.040e+01
 5.106e+01 5.172e+01 5.239e+01 5.306e+01 5.373e+01 5.440e+01 5.506e+01 5.571e+01
 5.635e+01 5.696e+01 5.756e+01 5.812e+01 5.866e+01 5.916e+01 5.964e+01 6.009e+01
 6.053e+01 6.094e+01 6.134e+01 6.172e+01 6.210e+01 6.246e+01 6.282e+01 6.316e+01
 6.349e+01 6.381e+01 6.411e+01 6.440e+01 6.469e+01 6.497e+01 6.526e+01 6.555e+01
sqrt(<Z^2>) for tau[ms]= 1000.0
 9.897e-01 1.001e+00 1.016e+00 1.041e+00 1.084e+00 1.152e+00 1.250e+00 1.372e+00
 1.503e+00 1.624e+00 1.724e+00 1.803e+00 1.865e+00 1.917e+00 1.964e+00 2.013e+00
 2.069e+00 2.134e+00 2.211e+00 2.299e+00 2.395e+00 2.495e+00 2.593e+00 2.687e+00
 2.779e+00 2.869e+00 2.961e+00 3.061e+00 3.169e+00 3.285e+00 3.406e+00 3.526e+00
 3.643e+00 3.753e+00 3.857e+00 3.957e+00 4.056e+00 4.155e+00 4.256e+00 4.360e+00
 4.468e+00 4.578e+00 4.691e+00 4.807e+00 4.925e+00 5.043e+00 5.158e+00 5.269e+00
 5.372e+00 5.467e+00 5.552e+00 5.629e+00 5.699e+00 5.763e+00 5.824e+00 5.885e+00
 5.949e+00 6.017e+00 6.094e+00 6.180e+00 6.278e+00 6.390e+00 6.518e+00 6.662e+00
 6.823e+00 7.004e+00 7.204e+00 7.425e+00 7.664e+00 7.922e+00 8.196e+00 8.485e+00
 8.787e+00 9.099e+00 9.422e+00 9.756e+00 1.010e+01 1.046e+01 1.083e+01 1.120e+01
 1.157e+01 1.193e+01 1.227e+01 1.260e+01 1.291e+01 1.321e+01 1.350e+01 1.378e+01
 1.406e+01 1.434e+01 1.463e+01 1.492e+01 1.522e+01 1.554e+01 1.587e+01 1.621e+01
 1.656e+01 1.692e+01 1.728e+01 1.763e+01 1.798e+01 1.832e+01 1.864e+01 1.895e+01
 1.925e+01 1.954e+01 1.983e+01 2.011e+01 2.038e+01 2.065e+01 2.093e+01 2.120e+01
 2.147e+01 2.174e+01 2.202e+01 2.229e+01 2.257e+01 2.285e+01 2.313e+01 2.340e+01
 2.368e+01 2.396e+01 2.424e+01 2.451e+01 2.480e+01 2.508e+01 2.537e+01 2.568e+01
 2.599e+01 2.632e+01 2.668e+01 2.706e+01 2.748e+01 2.794e+01 2.844e+01 2.897e+01
 2.955e+01 3.015e+01 3.077e+01 3.139e+01 3.201e+01 3.262e+01 3.325e+01 3.392e+01
 3.468e+01 3.560e+01 3.675e+01 3.814e+01 3.966e+01 4.109e+01 4.228e+01 4.319e+01
 4.386e+01 4.437e+01 4.477e+01 4.512e+01 4.544e+01 4.575e+01 4.607e+01 4.641e+01
 4.677e+01 4.718e+01 4.763e+01 4.813e+01 4.868e+01 4.927e+01 4.990e+01 5.056e+01
 5.123e+01 5.191e+01 5.260e+01 5.329e+01 5.398e+01 5.467e+01 5.536e+01 5.604e+01
 5.670e+01 5.735e+01 5.797e+01 5.856e+01 5.912e+01 5.966e+01 6.016e+01 6.064e+01
 6.110e+01 6.154e+01 6.197e+01 6.239e+01 6.280e+01 6.320e+01 6.359e+01 6.397e+01
 6.435e+01 6.471e+01 6.506e+01 6.540e+01 6.573e+01 6.606e+01 6.641e+01 6.676e+01
sqrt(<Z^2>) in equilibrium - infinite confinement
 9.898e-01 1.001e+00 1.016e+00 1.041e+00 1.084e+00 1.152e+00 1.251e+00 1.373e+00
 1.503e+00 1.624e+00 1.725e+00 1.804e+00 1.866e+00 1.917e+00 1.964e+00 2.013e+00
 2.069e+00 2.134e+00 2.211e+00 2.299e+00 2.395e+00 2.495e+00 2.593e+00 2.688e+00
 2.779e+00 2.869e+00 2.961e+00 3.061e+00 3.169e+00 3.285e+00 3.406e+00 3.526e+00
 3.643e+00 3.753e+00 3.857e+00 3.957e+00 4.056e+00 4.155e+00 4.256e+00 4.360e+00
 4.468e+00 4.578e+00 4.691e+00 4.807e+00 4.925e+00 5.043e+00 5.158e+00 5.269e+00
 5.372e+00 5.467e+00 5.552e+00 5.629e+00 5.699e+00 5.763e+00 5.824e+00 5.885e+00
 5.949e+00 6.017e+00 6.094e+00 6.180e+00 6.278e+00 6.390e+00 6.518e+00 6.662e+00
 6.824e+00 7.004e+00 7.205e+00 7.425e+00 7.664e+00 7.922e+00 8.197e+00 8.486e+00
 8.787e+00 9.099e+00 9.422e+00 9.756e+00 1.010e+01 1.046e+01 1.083e+01 1.120e+01
 1.157e+01 1.193e+01 1.227e+01 1.260e+01 1.291e+01 1.321e+01 1.350e+01 1.378e+01
 1.406e+01 1.434e+01 1.463e+01 1.492e+01 1.522e+01 1.554e+01 1.587e+01 1.621e+01
 1.656e+01 1.692e+01 1.728e+01 1.763e+01 1.798e+01 1.832e+01 1.864e+01 1.895e+01
 1.925e+01 1.954e+01 1.983e+01 2.011e+01 2.038e+01 2.065e+01 2.093e+01 2.120e+01
 2.147e+01 2.174e+01 2.202e+01 2.229e+01 2.257e+01 2.285e+01 2.313e+01 2.340e+01
 2.368e+01 2.396e+01 2.424e+01 2.452e+01 2.480e+01 2.508e+01 2.538e+01 2.568e+01
 2.599e+01 2.632e+01 2.668e+01 2.706e+01 2.748e+01 2.794e+01 2.844e+01 2.898e+01
 2.955e+01 3.015e+01 3.077e+01 3.139e+01 3.201e+01 3.262e+01 3.325e+01 3.392e+01
 3.468e+01 3.560e+01 3.676e+01 3.815e+01 3.967e+01 4.110e+01 4.230e+01 4.320e+01
 4.387e+01 4.438e+01 4.478e+01 4.513e+01 4.545e+01 4.576e+01 4.608e+01 4.642e+01
 4.678e+01 4.719e+01 4.765e+01 4.815e+01 4.870e+01 4.929e+01 4.992e+01 5.057e+01
 5.125e+01 5.194e+01 5.263e+01 5.332e+01 5.401e+01 5.470e+01 5.539e+01 5.607e+01
 5.674e+01 5.739e+01 5.802e+01 5.861e+01 5.918e+01 5.971e+01 6.022e+01 6.071e+01
 6.117e+01 6.162e+01 6.205e+01 6.247e+01 6.287e+01 6.327e+01 6.367e+01 6.406e+01
 6.444e+01 6.482e+01 6.519e+01 6.556e+01 6.591e+01 6.626e+01 6.659e+01 6.691e+01
C-------------------------------------------------------------------------------
C
C  The fractional abundance and radiated power were generated from the
C  ADAS installation at UKAEA with the named adf11 files. The adf11 data
C  files may be updated in a later release of ADAS and publicly
C  available versions may be found at https://open.adas.ac.uk/.
C
C  The equilibrium balance data was produced with run_adas405.py and
C  the balance with a confinement time with adas4xx_ionbal_tau.py
C  which are functions from the ADAS library. Details on these codes
C  may be found at: https://www.adas.ac.uk/python_lib/index.html
C
C  Copyright (C) 2023 UK Atomic Energy Authority
C
C  This file was generated for use in the UKAEA systems code PROCESS
C  using a script written by Martin O'Mullane.
C  If acquired without provenance a user is strongly advised
C  to check its validity by re-generating using the adf11 files from
C  the OPEN-ADAS site.
C
C  Produced by : Timothy Nunn
C  Date        : 24-05-23
C
C-------------------------------------------------------------------------------
